600000 浦发银行 日线 前复权
      日期	    开盘	    最高	    最低	    收盘	    成交量	    成交额
2015-09-02	8.86	9.18	8.73	8.85	255045273	3831534848.00
2015-09-07	8.74	8.93	8.34	8.58	287948628	4206785536.00
2015-09-08	8.59	9.04	8.38	8.97	330814193	4893450752.00
2015-09-09	8.86	9.11	8.86	9.04	241917533	3653652224.00
2015-09-10	8.97	9.11	8.90	9.10	205749026	3113081088.00
2015-09-11	9.17	9.39	9.14	9.32	288708558	4469128192.00
2015-09-14	9.28	9.59	8.88	9.58	183936607	2836987904.00
2015-09-15	9.30	9.31	9.09	9.25	107602458	1658227584.00
2015-09-16	9.14	9.48	8.95	9.23	74128982	1135218688.00
2015-09-17	9.16	9.25	9.00	9.00	50848655	778452736.00
2015-09-18	9.04	9.13	8.94	8.95	40899248	619915776.00
2015-09-21	8.90	8.98	8.81	8.90	40488316	604841984.00
2015-09-22	8.90	9.09	8.90	8.96	38673835	584644928.00
2015-09-23	8.86	8.93	8.70	8.89	54580634	810914240.00
2015-09-24	8.89	9.14	8.83	9.11	78862572	1192962816.00
2015-09-25	9.03	9.36	9.03	9.34	136070895	2096781824.00
2015-09-28	9.31	9.60	9.22	9.57	91425816	1436492544.00
2015-09-29	9.48	9.62	9.39	9.60	114190253	1807681536.00
2015-09-30	9.59	10.08	9.55	10.07	211038123	3452096768.00
2015-10-08	10.18	10.18	9.51	9.53	140057148	2277284608.00
2015-10-09	9.60	9.73	9.52	9.55	41525835	663144768.00
2015-10-12	9.55	9.80	9.44	9.67	93633306	1497165824.00
2015-10-13	9.61	9.70	9.52	9.60	54698799	873290880.00
2015-10-14	9.49	9.69	9.49	9.55	44297812	706211840.00
2015-10-26	9.65	10.02	9.65	9.82	101041055	1648964992.00
2015-10-27	9.79	9.94	9.73	9.85	74933996	1223267200.00
2015-10-28	9.81	10.00	9.69	9.84	74226285	1217460736.00
2015-10-29	9.83	10.07	9.79	10.04	75760565	1251114496.00
2015-10-30	9.97	10.10	9.89	9.90	45465414	750144832.00
2015-11-02	9.83	9.99	9.78	9.91	38122791	625014464.00
2015-11-03	9.90	10.16	9.88	9.95	60485065	1005503936.00
2015-11-04	9.93	10.27	9.93	10.21	65053992	1086409856.00
2015-11-05	10.22	11.07	10.15	10.82	231799691	4077390336.00
2015-11-06	10.69	11.15	10.68	10.94	127594225	2277276160.00
2015-11-09	10.97	11.86	10.94	11.13	157820058	2925510400.00
2015-11-10	11.02	11.51	10.90	11.28	140427138	2575229696.00
2015-11-11	11.31	11.37	10.67	10.83	92130221	1643831040.00
2015-11-12	10.88	10.90	10.43	10.58	77790159	1353612928.00
2015-11-13	10.46	10.74	10.43	10.73	73433156	1283306240.00
2015-11-16	10.56	10.73	10.46	10.62	45144666	785563840.00
2015-11-17	10.65	10.89	10.62	10.63	63539278	1119712512.00
2015-11-18	10.65	10.80	10.49	10.60	57584578	1003785408.00
2015-11-19	10.53	11.02	10.53	10.95	102543449	1821483136.00
2015-11-20	10.89	11.46	10.87	11.35	148206210	2733449216.00
2015-11-23	11.38	11.81	11.33	11.76	171203791	3235638528.00
2015-11-24	11.65	11.81	11.44	11.76	129389144	2437634560.00
2015-11-25	11.65	12.20	11.33	12.19	326524776	6295983616.00
2015-11-26	12.07	12.21	11.86	11.98	214944239	4187889920.00
2015-11-27	11.83	12.02	11.30	11.39	105608733	1999981184.00
2015-11-30	11.33	11.59	10.74	11.48	97633827	1779188224.00
2015-12-01	11.27	11.72	11.08	11.48	63430576	1179526400.00
2015-12-02	11.38	12.42	11.36	12.32	153608076	2972239104.00
2015-12-03	12.21	12.26	11.88	11.90	110346329	2147607040.00
2015-12-04	11.91	11.91	11.51	11.52	70275848	1331588224.00
2015-12-07	11.52	12.07	11.52	12.04	83346816	1592198400.00
2015-12-08	11.92	12.51	11.59	12.49	239884949	4764109312.00
2015-12-09	12.13	12.13	11.80	11.88	92049465	1776578432.00
2015-12-10	11.96	12.34	11.80	11.91	57091310	1108934528.00
2015-12-11	11.73	11.88	11.32	11.44	87066826	1630390272.00
2015-12-14	11.24	11.46	11.04	11.34	70736958	1290712960.00
2015-12-15	11.33	11.60	11.14	11.24	51685772	950672896.00
2015-12-16	11.28	11.34	11.10	11.15	38700640	705621184.00
2015-12-17	11.21	11.45	11.16	11.37	53304071	983362560.00
2015-12-18	11.37	12.28	11.32	11.59	92211924	1753311872.00
2015-12-21	11.58	12.00	11.40	11.82	82490082	1567681280.00
2015-12-22	11.73	11.93	11.56	11.65	53122744	1006796480.00
2015-12-23	11.66	11.81	11.45	11.64	66128171	1249610496.00
2015-12-24	11.62	11.82	11.49	11.75	57171554	1083459072.00
2015-12-25	11.74	12.06	11.67	11.95	55427897	1069153856.00
2015-12-28	11.98	12.02	11.46	11.51	49980698	945164672.00
2015-12-29	11.46	11.67	11.30	11.54	47288465	883333888.00
2015-12-30	11.52	11.57	11.24	11.42	35687385	660326976.00
2015-12-31	11.39	11.39	11.21	11.21	27936138	513758880.00
2016-01-04	11.22	11.22	10.71	10.88	42240610	754425792.00
2016-01-05	10.68	11.07	10.60	11.00	58054793	1034181504.00
2016-01-06	10.95	11.12	10.81	11.09	46772653	838667392.00
2016-01-07	10.88	10.95	10.60	10.68	11350479	199502704.00
2016-01-08	10.84	10.94	10.26	10.67	71918296	1262105088.00
2016-01-11	10.47	10.64	10.30	10.36	90177135	1550155904.00
2016-01-12	10.44	10.69	10.38	10.64	55374454	964061504.00
2016-01-13	10.72	10.95	10.57	10.60	47869312	843717376.00
2016-01-14	10.32	11.02	10.25	10.97	54838833	966117824.00
2016-01-15	10.88	11.13	10.69	10.73	46723139	836146432.00
2016-01-18	10.62	11.02	10.55	10.80	32729006	583291584.00
2016-01-19	10.87	10.94	10.67	10.86	29807159	527753184.00
2016-01-20	10.75	10.81	10.38	10.50	35968636	623546944.00
2016-01-21	10.48	10.65	9.97	10.03	34197115	582845504.00
2016-01-22	10.21	10.40	9.97	10.34	42007318	708179264.00
2016-01-25	10.32	10.44	10.13	10.35	23558971	400445056.00
2016-01-26	10.30	10.42	9.90	10.09	38279766	643611776.00
2016-01-27	10.15	10.31	9.98	10.10	44291307	742640768.00
2016-01-28	10.16	10.20	9.54	10.03	38902180	643984192.00
2016-01-29	9.99	10.36	9.91	10.25	47429000	799493376.00
2016-02-01	10.32	10.32	9.91	9.97	29139596	485275136.00
2016-02-02	9.97	10.28	9.95	10.16	25380981	425396896.00
2016-02-03	10.04	10.09	9.94	10.05	27779183	459255616.00
2016-02-04	10.21	10.55	10.07	10.53	47162860	799283776.00
2016-02-05	10.49	11.30	10.43	11.29	78413454	1401156096.00
2016-02-15	11.01	11.36	10.88	11.34	67296317	1221398400.00
2016-03-11	10.68	10.69	10.05	10.30	98240322	1657158656.00
2016-03-14	10.24	10.65	10.20	10.23	56922239	973317376.00
2016-03-15	10.29	10.46	10.19	10.34	37540932	638223040.00
2016-03-16	10.27	11.07	10.26	11.04	108404378	1924212608.00
2016-03-17	10.89	11.16	10.64	10.81	68635812	1219236352.00
2016-03-18	10.88	11.02	10.78	10.91	55987968	996332608.00
2016-03-21	10.87	11.20	10.87	11.07	42001532	756966784.00
2016-03-22	11.09	11.46	11.04	11.13	43760811	800814912.00
2016-03-23	11.14	11.27	11.07	11.11	27830795	506023200.00
2016-03-24	11.10	11.10	10.80	10.83	27448272	488313664.00
2016-03-25	10.83	10.93	10.80	10.84	13619185	241971872.00
2016-03-28	10.87	11.02	10.58	10.64	24521696	433449216.00
2016-03-29	10.69	10.79	10.58	10.64	19151152	335806208.00
2016-03-30	10.78	10.99	10.78	10.93	35562148	634175232.00
2016-03-31	11.01	11.08	10.83	10.97	23762112	425380416.00
2016-04-01	11.01	11.20	10.75	11.15	35790541	643979456.00
2016-04-05	10.98	11.23	10.86	11.14	42622297	768010112.00
2016-04-06	11.04	11.12	10.93	11.00	23428724	421234848.00
2016-04-07	10.99	11.02	10.76	10.81	29047713	516129856.00
2016-04-08	10.72	10.86	10.69	10.74	17132244	301704512.00
2016-04-11	10.74	10.90	10.71	10.79	24117635	426862400.00
2016-04-12	10.81	10.81	10.69	10.76	14100759	248002288.00
2016-04-13	10.83	11.02	10.81	10.84	35189716	627667712.00
2016-04-14	10.95	11.03	10.85	10.88	15796208	281977248.00
2016-04-15	10.99	11.07	10.88	10.95	34773526	623836224.00
2016-04-18	10.85	11.04	10.79	10.89	28084133	501790688.00
2016-04-19	10.99	11.01	10.87	10.95	27246371	487095904.00
2016-04-20	10.95	11.02	10.54	11.00	46614611	825437824.00
2016-04-21	10.90	11.27	10.85	11.11	48212915	872382592.00
2016-04-22	11.02	11.28	10.98	11.19	28178162	513194656.00
2016-04-25	11.13	11.14	10.90	10.94	24294360	435467872.00
2016-04-26	10.93	11.08	10.85	10.97	15739400	281501376.00
2016-04-27	11.00	11.00	10.88	10.93	13838875	247622912.00
2016-04-28	10.97	11.09	10.90	10.95	15728417	282201344.00
2016-04-29	10.90	10.98	10.85	10.90	23065933	412460992.00
2016-05-03	10.99	11.19	10.90	11.11	27776723	501830144.00
2016-05-04	11.07	11.18	11.04	11.08	23118959	418592992.00
2016-05-05	11.07	11.11	11.01	11.07	14936632	269576064.00
2016-05-06	11.07	11.09	10.82	10.83	23406763	418454816.00
2016-05-09	10.82	10.88	10.60	10.68	21947591	386423424.00
2016-05-10	10.59	10.72	10.59	10.66	16846648	294675488.00
2016-05-11	10.71	10.72	10.60	10.64	11941164	208655792.00
2016-05-12	10.62	10.67	10.46	10.61	14668954	254410736.00
2016-05-13	10.58	10.65	10.48	10.49	11013829	190929408.00
2016-05-16	10.48	10.57	10.47	10.53	11045624	190872656.00
2016-05-17	10.53	10.56	10.44	10.50	9765153	168387280.00
2016-05-18	10.50	10.76	10.34	10.72	30962453	536935488.00
2016-05-19	10.63	10.67	10.55	10.57	10380826	180686336.00
2016-05-20	10.54	10.67	10.51	10.64	11140621	194223008.00
2016-05-23	10.67	10.80	10.63	10.71	14080659	247441296.00
2016-05-24	10.66	10.74	10.62	10.71	10725938	187905440.00
2016-05-25	10.80	10.83	10.74	10.79	13766238	243549456.00
2016-05-26	10.78	10.93	10.78	10.81	11065062	196266944.00
2016-05-27	10.81	10.86	10.76	10.84	11621242	205801168.00
2016-05-30	10.91	11.00	10.80	10.99	17538184	313324800.00
2016-05-31	10.97	11.30	10.97	11.23	35631526	650177344.00
2016-06-01	11.23	11.27	11.11	11.16	18312424	333790688.00
2016-06-02	11.16	11.23	10.97	11.04	17786525	321768768.00
2016-06-03	11.11	11.11	10.95	11.03	18003512	323746016.00
2016-06-06	11.06	11.10	11.00	11.04	17856247	321865760.00
2016-06-07	11.09	11.11	11.00	11.04	16533983	298145344.00
2016-06-08	11.03	11.07	11.00	11.02	23758300	427741568.00
2016-06-13	10.93	10.98	10.86	10.87	30051583	536281152.00
2016-06-14	10.86	10.90	10.81	10.88	18773357	333449728.00
2016-06-15	10.75	10.86	10.71	10.84	26332177	464557376.00
2016-06-16	10.79	10.97	10.74	10.88	30871127	549171200.00
2016-06-17	10.85	11.02	10.84	10.86	17412233	311113056.00
2016-06-20	10.97	10.97	10.85	10.92	9681495	172507200.00
2016-06-21	10.94	10.99	10.85	10.87	15852873	282663680.00
2016-06-22	10.88	10.95	10.87	10.95	14227501	253800352.00
2016-06-23	11.03	11.03	10.88	10.89	12882295	203560848.00
2016-06-24	10.87	10.94	10.40	10.55	30575522	470756352.00
2016-06-27	10.56	10.63	10.47	10.57	19163499	292488224.00
2016-06-28	10.54	10.57	10.47	10.55	12559826	191346960.00
2016-06-29	10.56	10.75	10.55	10.72	21253351	326320224.00
2016-06-30	10.72	10.84	10.67	10.77	20735886	323223552.00
2016-07-01	10.77	11.07	10.75	11.04	25106479	394802048.00
2016-07-04	11.00	11.13	10.95	11.05	21411650	341120768.00
2016-07-05	11.06	11.07	10.91	10.94	16171615	255727216.00
2016-07-06	10.88	10.92	10.80	10.83	22976510	360070176.00
2016-07-07	10.82	10.83	10.68	10.77	24498042	380536320.00
2016-07-08	10.76	10.77	10.67	10.68	14901331	230568192.00
2016-07-11	10.77	10.77	10.64	10.67	22852491	354003584.00
2016-07-12	10.70	10.83	10.68	10.83	25545130	397267008.00
2016-07-13	10.83	11.08	10.83	10.94	36238056	573546752.00
2016-07-14	10.93	10.98	10.83	10.87	16883421	265364896.00
2016-07-15	10.88	10.91	10.83	10.88	15998100	251152944.00
2016-07-18	10.90	11.03	10.84	10.93	27766982	438169696.00
2016-07-19	10.93	10.95	10.83	10.90	17179816	269908288.00
2016-07-20	10.87	10.92	10.82	10.91	14866526	233284416.00
2016-07-21	10.90	11.00	10.87	10.97	22020445	348156576.00
2016-07-22	10.96	10.97	10.78	10.82	16711700	262066576.00
2016-07-25	10.82	10.92	10.82	10.87	11441970	179598112.00
2016-07-26	10.87	10.94	10.83	10.90	20462397	321598656.00
2016-07-27	10.90	11.01	10.68	11.00	40697330	637937280.00
2016-07-28	10.93	10.94	10.83	10.86	17451372	274345312.00
2016-07-29	10.83	10.88	10.80	10.87	14348301	224747568.00
2016-08-01	10.86	10.99	10.83	10.95	22909943	361191360.00
2016-08-02	10.94	10.99	10.86	10.91	10877815	171311344.00
2016-08-03	10.83	10.89	10.81	10.85	10583990	165699520.00
2016-08-04	10.87	10.87	10.71	10.79	15610498	243122624.00
2016-08-05	10.80	10.95	10.79	10.90	17648517	277447200.00
2016-08-08	10.92	10.92	10.84	10.90	13129367	206333088.00
2016-08-09	10.91	10.95	10.88	10.94	15480879	243949584.00
2016-08-10	10.95	10.99	10.90	10.97	18499535	292534464.00
2016-08-11	10.91	11.41	10.90	11.16	52689421	852413120.00
2016-08-12	11.20	11.40	11.10	11.38	46991632	763634368.00
2016-08-15	11.49	11.89	11.45	11.83	77333862	1299618432.00
2016-08-16	11.83	11.87	11.62	11.64	49384036	829743488.00
2016-08-17	11.66	11.76	11.50	11.60	36446597	606581248.00
2016-08-18	11.53	11.70	11.37	11.44	37110139	612294400.00
2016-08-19	11.43	11.49	11.38	11.43	19927300	327521632.00
2016-08-22	11.43	11.47	11.34	11.42	19768630	324280096.00
2016-08-23	11.42	11.53	11.35	11.41	31754370	521794944.00
2016-08-24	11.42	11.50	11.37	11.40	17085424	280402624.00
2016-08-25	11.38	11.42	11.26	11.37	24749915	403472224.00
2016-08-26	11.38	11.41	11.33	11.37	14688056	240035888.00
2016-08-29	11.34	11.39	11.17	11.28	30202023	489414016.00
2016-08-30	11.29	11.48	11.29	11.41	36396993	597418048.00
2016-08-31	11.37	11.53	11.35	11.47	22003438	362526016.00
2016-09-01	11.47	11.53	11.40	11.42	21272047	349934560.00
2016-09-02	11.40	11.49	11.37	11.47	23147001	380418560.00
2016-09-05	11.48	11.55	11.43	11.48	25677035	423399296.00
2016-09-06	11.48	11.51	11.39	11.42	20282647	333206432.00
2016-09-07	11.42	11.49	11.37	11.47	17975558	295519904.00
2016-09-08	11.47	11.57	11.43	11.57	24406900	403801792.00
2016-09-09	11.58	11.61	11.49	11.53	18739471	310623904.00
2016-09-12	11.40	11.47	11.30	11.41	36509177	597895488.00
2016-09-13	11.41	11.46	11.40	11.45	14234378	233969072.00
2016-09-14	11.43	11.47	11.40	11.41	23981413	393967808.00
2016-09-19	11.45	11.50	11.43	11.46	14465955	238091120.00
2016-09-20	11.47	11.47	11.43	11.46	17396811	286078656.00
2016-09-21	11.47	11.50	11.43	11.45	9416102	154918240.00
2016-09-22	11.48	11.56	11.47	11.51	11527832	190442432.00
2016-09-23	11.53	11.53	11.47	11.47	10200460	168270144.00
2016-09-26	11.45	11.54	11.42	11.47	20769186	342748704.00
2016-09-27	11.43	11.50	11.43	11.47	17025470	280852896.00
2016-09-28	11.47	11.51	11.46	11.47	12841990	211844624.00
2016-09-29	11.50	11.53	11.48	11.49	10997408	181620112.00
2016-09-30	11.49	11.51	11.47	11.48	12190268	201085200.00
2016-10-10	11.51	11.57	11.47	11.53	18666854	308450240.00
2016-10-11	11.54	11.55	11.49	11.54	12690366	209785536.00
2016-10-12	11.52	11.52	11.47	11.50	10643884	175594208.00
2016-10-13	11.50	11.50	11.43	11.43	14504356	238973136.00
2016-10-14	11.43	11.47	11.40	11.46	10660114	175020224.00
2016-10-17	11.42	11.44	11.27	11.31	16424904	268130864.00
2016-10-18	11.32	11.40	11.29	11.37	18251833	298064128.00
2016-10-19	11.37	11.40	11.29	11.31	11143167	181631904.00
2016-10-20	11.31	11.37	11.30	11.33	8985794	146255312.00
2016-10-21	11.33	11.37	11.27	11.33	10884798	177155056.00
2016-10-24	11.33	11.55	11.31	11.47	24757241	406980672.00
2016-10-25	11.47	11.49	11.38	11.43	13309321	218721456.00
2016-10-26	11.41	11.43	11.33	11.35	12436805	203174016.00
2016-10-27	11.33	11.34	11.24	11.25	19517454	316513312.00
2016-10-28	11.25	11.37	11.24	11.33	15067204	244739680.00
2016-10-31	11.28	11.34	11.11	11.31	14673298	237635072.00
2016-11-01	11.30	11.36	11.27	11.33	13028259	212179104.00
2016-11-02	11.27	11.33	11.24	11.26	25051160	406667264.00
2016-11-03	11.25	11.40	11.25	11.37	25864110	421412544.00
2016-11-04	11.33	11.51	11.33	11.41	21516475	353348704.00
2016-11-07	11.40	11.45	11.40	11.43	21351658	350381728.00
2016-11-08	11.45	11.52	11.44	11.47	17307155	285419776.00
2016-11-09	11.47	11.51	11.38	11.46	39826582	655055488.00
2016-11-10	11.53	11.60	11.47	11.54	20484554	339602784.00
2016-11-11	11.53	11.59	11.45	11.56	21539188	356740640.00
2016-11-14	11.51	11.64	11.50	11.57	18124496	301208000.00
2016-11-15	11.56	11.57	11.49	11.56	15714142	260648304.00
2016-11-16	11.56	11.59	11.52	11.57	12395504	205688800.00
2016-11-17	11.55	11.59	11.50	11.57	22718556	376599264.00
2016-11-18	11.56	11.60	11.53	11.57	29274383	485488352.00
2016-11-21	11.56	11.67	11.52	11.60	21432453	356612256.00
2016-11-22	11.62	11.66	11.59	11.63	21080968	351666624.00
2016-11-23	11.63	12.05	11.61	11.82	45036427	765689728.00
2016-11-24	11.82	11.97	11.77	11.79	21043140	356783616.00
2016-11-25	11.79	11.95	11.73	11.94	23335230	396231872.00
2016-11-28	11.99	12.25	11.99	12.03	33835281	584558208.00
2016-11-29	12.03	12.14	11.96	12.07	29530098	509203648.00
2016-11-30	12.09	12.22	11.95	12.00	20135026	346784512.00
2016-12-01	11.99	12.08	11.91	11.99	18449219	316391200.00
2016-12-02	11.95	12.01	11.72	11.95	33895875	576329856.00
2016-12-05	11.83	12.12	11.80	12.10	38201368	655302784.00
2016-12-06	12.09	12.20	12.03	12.04	20948075	362989440.00
2016-12-07	12.00	12.03	11.92	11.93	15550748	265825552.00
2016-12-08	11.99	12.03	11.90	11.98	13234569	226759232.00
2016-12-09	11.98	12.23	11.97	12.13	28835648	500164640.00
2016-12-12	12.13	12.31	12.02	12.25	48359554	841905152.00
2016-12-13	12.15	12.21	12.00	12.00	15602869	270112448.00
2016-12-14	12.00	12.20	11.97	12.01	17860552	309185664.00
2016-12-15	11.97	11.97	11.64	11.64	30809613	517398944.00
2016-12-16	11.64	11.74	11.59	11.61	14531366	242842112.00
2016-12-19	11.60	11.64	11.50	11.50	8483493	140430896.00
2016-12-20	11.50	11.53	11.20	11.32	22525817	366213568.00
2016-12-21	11.30	11.39	11.30	11.35	12638809	206022864.00
2016-12-22	11.35	11.36	11.21	11.25	11499190	186428624.00
2016-12-23	11.23	11.27	11.16	11.25	11187906	180365984.00
2016-12-26	11.20	11.32	11.11	11.30	14482456	233999584.00
2016-12-27	11.30	11.35	11.20	11.21	10665824	172900192.00
2016-12-28	11.21	11.25	11.13	11.17	14441526	232406672.00
2016-12-29	11.17	11.22	11.10	11.16	11851308	190400016.00
2016-12-30	11.16	11.28	11.13	11.27	12262167	197653920.00
2017-01-03	11.27	11.44	11.23	11.33	16237125	265043264.00
2017-01-04	11.33	11.37	11.24	11.36	29658734	482612224.00
2017-01-05	11.33	11.40	11.29	11.33	26437646	431449120.00
2017-01-06	11.33	11.33	11.20	11.24	17195598	278864544.00
2017-01-09	11.29	11.33	11.20	11.26	14908745	241579600.00
2017-01-10	11.24	11.29	11.21	11.25	7996756	129458360.00
2017-01-11	11.29	11.29	11.22	11.23	9193332	148793824.00
2017-01-12	11.24	11.26	11.19	11.20	8296150	134057680.00
2017-01-13	11.18	11.33	11.18	11.31	19034143	308468960.00
2017-01-16	11.28	11.57	11.18	11.53	53304724	876414528.00
2017-01-17	11.46	11.52	11.39	11.41	12555292	206230544.00
2017-01-18	11.43	11.53	11.38	11.47	11478663	189191360.00
2017-01-19	11.43	11.60	11.43	11.52	12180687	201675872.00
2017-01-20	11.55	11.61	11.49	11.57	14288268	236958624.00
2017-01-23	11.61	11.63	11.50	11.54	14616540	242945920.00
2017-01-24	11.55	11.64	11.55	11.63	14985241	249503392.00
2017-01-25	11.63	11.67	11.57	11.63	11284869	188172528.00
2017-01-26	11.63	11.75	11.57	11.67	8602907	144343264.00
2017-02-03	11.73	11.76	11.58	11.59	8174289	136532944.00
2017-02-06	11.68	11.70	11.61	11.61	13455850	225037392.00
2017-02-07	11.60	11.67	11.59	11.62	14759284	246037888.00
2017-02-08	11.59	11.63	11.52	11.62	11238867	186815184.00
2017-02-09	11.63	11.70	11.56	11.66	11393034	190339360.00
2017-02-10	11.69	11.75	11.64	11.70	13985262	234489136.00
2017-02-13	11.78	11.80	11.70	11.76	19992872	336932192.00
2017-02-14	11.77	11.78	11.67	11.68	12987235	217924160.00
2017-02-15	11.73	11.82	11.68	11.75	25688032	433573952.00
2017-02-16	11.78	11.80	11.69	11.70	16327832	274241728.00
2017-02-17	11.70	11.73	11.56	11.60	13863642	231623680.00
2017-02-20	11.58	11.86	11.58	11.80	29949984	503858496.00
2017-02-21	11.78	11.93	11.73	11.78	17509118	296489056.00
2017-02-22	11.78	11.80	11.67	11.68	17032277	285870624.00
2017-02-23	11.70	11.74	11.60	11.63	15011148	250909248.00
2017-02-24	11.62	11.68	11.61	11.65	11594971	193610640.00
2017-02-27	11.63	11.66	11.51	11.56	13732273	228302048.00
2017-02-28	11.55	11.62	11.51	11.56	12097943	200661664.00
2017-03-01	11.55	11.58	11.50	11.53	16226984	268840224.00
2017-03-02	11.58	11.58	11.40	11.42	18996632	312626400.00
2017-03-03	11.43	11.43	11.35	11.37	12429467	203315664.00
2017-03-06	11.39	11.51	11.37	11.42	15703751	258165904.00
2017-03-07	11.40	11.45	11.39	11.43	9319842	152969168.00
2017-03-08	11.41	11.44	11.37	11.40	10109647	165715072.00
2017-03-09	11.39	11.41	11.27	11.27	17366025	282644704.00
2017-03-10	11.28	11.32	11.23	11.28	16396375	265663456.00
2017-03-13	11.28	11.37	11.23	11.37	17950147	291999360.00
2017-03-14	11.37	11.37	11.29	11.30	16988979	276642688.00
2017-03-15	11.29	11.32	11.23	11.29	18900324	306176000.00
2017-03-16	11.31	11.37	11.30	11.33	19036545	310417984.00
2017-03-17	11.33	11.35	11.21	11.26	21560354	350179456.00
2017-03-20	11.29	11.30	11.20	11.21	15017806	242775936.00
2017-03-21	11.22	11.23	11.09	11.10	31124617	499206656.00
2017-03-22	11.09	11.09	10.87	10.93	43811429	691677888.00
2017-03-23	10.95	11.04	10.94	11.01	22225660	352635968.00
2017-03-24	10.99	11.10	10.97	11.07	19902006	316984960.00
2017-03-27	11.08	11.20	11.03	11.13	18997369	304990144.00
2017-03-28	11.19	11.20	11.08	11.11	13212969	211750768.00
2017-03-29	11.11	11.19	10.95	11.00	23446792	372794464.00
2017-03-30	11.01	11.03	10.89	10.96	23645144	373665120.00
2017-03-31	10.93	11.14	10.93	11.11	24187120	385793408.00
2017-04-05	11.14	11.26	11.02	11.23	31036271	499121568.00
2017-04-06	11.17	11.24	11.13	11.18	22335442	359361856.00
2017-04-07	11.15	11.23	11.12	11.18	20126948	323821632.00
2017-04-10	11.20	11.20	11.06	11.08	16154024	258662672.00
2017-04-11	11.08	11.10	10.96	11.02	18611375	295381664.00
2017-04-12	11.01	11.07	10.91	11.02	22210541	352357728.00
2017-04-13	11.01	11.02	10.90	10.91	23426650	369388224.00
2017-04-14	10.92	10.93	10.66	10.73	40156553	625510656.00
2017-04-17	10.74	10.80	10.57	10.77	36739448	566536768.00
2017-04-18	10.72	10.73	10.57	10.57	22889980	351624608.00
2017-04-19	10.53	10.54	10.42	10.42	24455407	371021504.00
2017-04-20	10.43	10.44	10.26	10.27	41061406	614436352.00
2017-04-21	10.27	10.39	10.22	10.37	22688358	340453120.00
2017-04-24	10.37	10.42	10.27	10.33	17627803	264649936.00
2017-04-25	10.35	10.41	10.33	10.37	12975919	195296864.00
2017-04-26	10.38	10.42	10.33	10.37	14939871	225022672.00
2017-04-27	10.37	10.53	10.36	10.50	22887645	345791520.00
2017-04-28	10.45	10.50	10.40	10.50	15718509	238419168.00
2017-05-02	10.50	10.50	10.43	10.46	12607509	191225520.00
2017-05-03	10.46	10.46	10.37	10.40	14247943	215130848.00
2017-05-04	10.39	10.39	10.26	10.32	19477788	291839744.00
2017-05-05	10.30	10.32	9.97	10.27	40194577	592160192.00
2017-05-08	10.17	10.26	9.96	10.23	43568576	638780992.00
2017-05-09	10.10	10.21	10.07	10.15	19225492	283864640.00
2017-05-10	10.15	10.22	9.99	10.03	28359413	418201408.00
2017-05-11	10.00	10.17	9.99	10.14	27312908	400313952.00
2017-05-12	10.14	10.51	10.13	10.50	45733426	687468480.00
2017-05-15	10.54	10.67	10.46	10.54	29965820	458298656.00
2017-05-16	10.51	10.56	10.40	10.54	24875396	377908576.00
2017-05-17	10.52	10.53	10.39	10.50	33434411	505883680.00
2017-05-18	10.41	10.44	10.30	10.34	30657927	460669376.00
2017-05-19	10.37	10.40	10.27	10.35	28610626	428236192.00
2017-05-22	10.35	10.38	10.28	10.37	30227245	453230624.00
2017-05-23	10.33	10.77	10.32	10.67	75400428	1154524416.00
2017-05-24	10.63	10.73	10.50	10.70	70439028	1081377024.00
2017-05-25	10.70	11.88	10.67	11.88	222373433	2803027200.00
2017-05-26	11.76	11.86	11.49	11.79	176456630	2246593280.00
2017-05-31	11.70	12.00	11.61	11.79	113009809	1450286592.00
2017-06-01	11.73	11.92	11.64	11.87	96217055	1235216000.00
2017-06-02	11.88	11.96	11.69	11.84	80197701	1034450240.00
2017-06-05	11.74	11.83	11.46	11.80	75876475	963227264.00
2017-06-06	11.75	11.79	11.61	11.75	36104406	460469440.00
2017-06-07	11.76	11.94	11.73	11.79	64395191	827766592.00
2017-06-08	11.71	11.81	11.62	11.79	48194843	615876288.00
2017-06-09	11.74	12.15	11.72	11.88	114434319	1489264512.00
2017-06-12	11.85	12.09	11.71	11.73	73931192	955965952.00
2017-06-13	11.73	11.73	11.51	11.54	52716070	665205824.00
2017-06-14	11.55	11.59	11.26	11.41	55306982	687620416.00
2017-06-15	11.36	11.41	11.23	11.33	37492860	462612608.00
2017-06-16	11.33	11.41	11.22	11.30	47351062	586081472.00
2017-06-19	11.31	11.38	11.25	11.35	32941278	407834848.00
2017-06-20	11.36	11.39	11.17	11.24	44645196	548932352.00
2017-06-21	11.35	11.35	11.21	11.29	34000062	418820224.00
2017-06-22	11.28	11.79	11.24	11.52	110259441	1392278656.00
2017-06-23	11.50	11.60	11.31	11.59	68579079	858095936.00
2017-06-26	11.59	11.77	11.50	11.59	60509162	766551232.00
2017-06-27	11.59	11.68	11.48	11.65	46687475	589020032.00
2017-06-28	11.61	11.86	11.55	11.74	75349557	963202816.00
2017-06-29	11.76	11.81	11.65	11.71	38994542	497489984.00
2017-06-30	11.65	11.68	11.54	11.60	36566479	462244032.00
2017-07-03	11.59	11.60	11.42	11.51	38778949	486264672.00
2017-07-04	11.50	11.53	11.36	11.50	36659128	458434432.00
2017-07-05	11.45	11.60	11.42	11.57	26470507	332542464.00
2017-07-06	11.57	11.67	11.46	11.61	37414241	471582080.00
2017-07-07	11.57	11.64	11.50	11.55	24667294	311101536.00
2017-07-10	11.54	11.59	11.47	11.48	26411530	331940512.00
2017-07-11	11.46	11.89	11.46	11.75	96835349	1238626560.00
2017-07-12	11.75	12.01	11.69	11.81	80469025	1039614016.00
2017-07-13	11.77	12.24	11.72	12.22	110219238	1436784256.00
2017-07-14	12.29	12.75	12.29	12.54	146865370	1991795328.00
2017-07-17	12.57	12.97	12.23	12.71	178661221	2448349184.00
2017-07-18	12.60	12.67	12.35	12.50	69895876	946717568.00
2017-07-19	12.51	12.73	12.43	12.64	66108709	900014400.00
2017-07-20	12.62	12.65	12.48	12.57	40017492	544175232.00
2017-07-21	12.56	12.58	12.33	12.40	52272375	702999232.00
2017-07-24	12.40	12.69	12.31	12.62	65820954	892033664.00
2017-07-25	12.57	12.70	12.36	12.46	58478099	795769088.00
2017-07-26	12.40	12.65	12.31	12.33	57495388	775489088.00
2017-07-27	12.33	12.42	12.23	12.33	33612097	449548320.00
2017-07-28	12.32	12.44	12.25	12.42	24954961	334111584.00
2017-07-31	12.40	12.47	12.26	12.31	45083081	602638848.00
2017-08-01	12.37	12.44	12.27	12.38	64198064	860914624.00
2017-08-02	12.39	12.55	12.34	12.39	61644148	830433600.00
2017-08-03	12.37	12.37	11.99	12.03	78581867	1036842112.00
2017-08-04	12.04	12.05	11.80	11.82	63181971	818014656.00
2017-08-07	11.82	11.90	11.78	11.88	29528429	380518688.00
2017-08-08	11.86	11.88	11.78	11.82	23570298	303469952.00
2017-08-09	11.79	11.83	11.70	11.71	32303821	413575776.00
2017-08-10	11.69	11.83	11.65	11.74	44056044	563372032.00
2017-08-11	11.67	11.68	11.41	11.63	88890056	1118537344.00
2017-08-14	11.57	11.58	11.47	11.51	45562027	572465216.00
2017-08-15	11.53	11.71	11.51	11.54	62591905	792887808.00
2017-08-16	11.51	11.51	11.42	11.44	33886531	423706592.00
2017-08-17	11.44	11.50	11.42	11.48	39091156	488847392.00
2017-08-18	11.45	11.52	11.41	11.46	35976632	450071392.00
2017-08-21	11.45	11.52	11.41	11.46	33810237	422478336.00
2017-08-22	11.46	11.48	11.36	11.38	58829999	731960000.00
2017-08-23	11.39	11.61	11.36	11.52	96871587	1215804672.00
2017-08-24	11.53	11.61	11.40	11.42	62153175	779043392.00
2017-08-25	11.42	11.75	11.42	11.73	145590666	1842766848.00
2017-08-28	11.78	11.91	11.70	11.84	104113170	1339965952.00
2017-08-29	11.80	11.93	11.72	11.91	60063956	772995392.00
2017-08-30	11.86	11.93	11.77	11.82	60479990	779708160.00
2017-08-31	11.78	11.79	11.60	11.66	44790313	570138112.00
2017-09-01	11.63	11.82	11.63	11.72	39264131	501796416.00
2017-09-04	11.73	11.79	11.60	11.73	35667447	454951456.00
2017-09-05	11.73	12.04	11.73	11.98	73493027	954528896.00
2017-09-06	11.94	12.00	11.85	11.91	33823576	438219616.00
2017-09-07	11.89	11.97	11.77	11.80	38224782	494212416.00
2017-09-08	11.80	12.07	11.78	11.98	64778087	842285760.00
2017-09-11	12.10	12.10	11.90	11.94	52234735	683193984.00
2017-09-12	11.95	11.99	11.86	11.99	51012322	661471552.00
2017-09-13	11.96	11.96	11.81	11.82	31972897	412327520.00
2017-09-14	11.83	11.93	11.76	11.80	24160832	311079232.00
2017-09-15	11.77	11.81	11.70	11.78	24874312	318464960.00
2017-09-18	11.77	11.91	11.75	11.86	35747529	461032064.00
2017-09-19	11.88	11.90	11.77	11.85	30170124	388627648.00
2017-09-20	11.83	11.88	11.78	11.83	19867148	255856512.00
2017-09-21	11.81	11.90	11.78	11.82	20140268	259643728.00
2017-09-22	11.79	11.87	11.74	11.84	24192687	311178560.00
2017-09-25	11.84	11.90	11.66	11.89	50687628	650703744.00
2017-09-26	11.84	11.88	11.80	11.81	22163311	285364896.00
2017-09-27	11.78	11.86	11.71	11.80	26374752	339097280.00
2017-09-28	11.80	11.83	11.72	11.79	24124934	309223168.00
2017-09-29	11.77	11.86	11.76	11.82	19822263	255341344.00
2017-10-09	12.22	12.24	11.95	11.99	52149081	684274112.00
2017-10-10	12.00	12.05	11.93	12.05	27493986	359114752.00
2017-10-11	12.03	12.06	11.98	12.01	18706308	244440304.00
2017-10-12	12.00	12.04	11.92	12.00	17125284	223204032.00
2017-10-13	11.96	12.03	11.87	11.89	20857578	271308480.00
2017-10-16	11.93	12.01	11.89	11.99	23611164	307206528.00
2017-10-17	11.99	12.01	11.89	11.94	14692320	190770512.00
2017-10-18	11.94	12.05	11.88	12.02	45458736	592125632.00
2017-10-19	11.98	12.11	11.93	12.08	52881168	690607552.00
2017-10-20	12.04	12.05	11.96	11.96	17228409	224781280.00
2017-10-23	11.97	11.98	11.78	11.79	31563834	406941728.00
2017-10-24	11.79	11.90	11.77	11.81	27236042	350864960.00
2017-10-25	11.81	11.89	11.77	11.85	20743829	267109744.00
2017-10-26	11.82	11.83	11.73	11.77	25275166	324110144.00
2017-10-27	11.80	11.89	11.77	11.80	32673820	420972320.00
2017-10-30	11.79	11.79	11.54	11.65	74713617	947820352.00
2017-10-31	11.55	11.61	11.53	11.56	20120724	253737600.00
2017-11-01	11.58	11.67	11.48	11.49	35368712	446287616.00
2017-11-02	11.47	11.52	11.38	11.48	48267038	602955904.00
2017-11-03	11.48	11.55	11.38	11.53	32848169	411198272.00
2017-11-06	11.51	11.51	11.40	11.42	20016827	249788208.00
2017-11-07	11.44	11.55	11.36	11.49	38677337	482986112.00
2017-11-08	11.49	11.63	11.44	11.53	37134146	468242272.00
2017-11-09	11.52	11.58	11.48	11.50	17463373	219541344.00
2017-11-10	11.49	11.58	11.41	11.58	49925359	626756864.00
2017-11-13	11.60	11.80	11.58	11.75	78009337	996962304.00
2017-11-14	11.71	11.72	11.53	11.55	33754928	426955936.00
2017-11-15	11.55	11.58	11.50	11.55	28076530	353327072.00
2017-11-16	11.52	11.52	11.33	11.34	35680762	444238624.00
2017-11-17	11.33	11.75	11.33	11.73	109336535	1378873216.00
2017-11-20	11.65	11.81	11.56	11.80	61495420	783077248.00
2017-11-21	11.76	12.12	11.70	11.89	116179412	1512638080.00
2017-11-22	11.95	12.39	11.95	12.18	114576266	1513356160.00
2017-11-23	12.19	12.27	11.86	12.01	81912602	1076889984.00
2017-11-24	12.06	12.13	11.88	12.04	59612483	777699712.00
2017-11-27	12.04	12.07	11.76	12.05	79250273	1028510272.00
2017-11-28	11.98	12.02	11.87	11.89	34031908	441466976.00
2017-11-29	11.90	11.99	11.76	11.89	41846783	540439744.00
2017-11-30	11.86	11.90	11.75	11.86	39916356	513785824.00
2017-12-01	11.88	11.90	11.76	11.86	38577445	496330240.00
2017-12-04	11.82	11.89	11.79	11.87	36479233	470155488.00
2017-12-05	11.87	12.22	11.86	12.12	123796797	1623138176.00
2017-12-06	12.07	12.11	11.86	11.91	43564931	566372416.00
2017-12-07	11.90	11.98	11.86	11.91	34802229	451233536.00
2017-12-08	11.93	11.94	11.82	11.88	31296221	404411520.00
2017-12-11	11.87	11.99	11.80	11.92	36649902	474566880.00
2017-12-12	11.92	11.92	11.69	11.70	30370097	390113088.00
2017-12-13	11.75	11.76	11.58	11.69	19345338	246331120.00
2017-12-14	11.74	11.74	11.61	11.64	16141678	205219488.00
2017-12-15	11.64	11.68	11.56	11.57	16210108	205323760.00
2017-12-18	11.66	11.66	11.56	11.60	13445648	170140032.00
2017-12-19	11.60	11.71	11.57	11.70	18399603	233884672.00
2017-12-20	11.71	11.71	11.55	11.68	26639844	337603456.00
2017-12-21	11.62	11.73	11.55	11.65	21052388	267624192.00
2017-12-22	11.63	11.67	11.56	11.57	16076938	203468784.00
2017-12-25	11.56	11.63	11.51	11.54	19306662	243553696.00
2017-12-26	11.52	11.61	11.51	11.59	15225722	192219136.00
2017-12-27	11.60	11.61	11.48	11.57	32731881	412197984.00
2017-12-28	11.55	11.61	11.48	11.49	23870824	300834016.00
2017-12-29	11.47	11.57	11.46	11.54	16351826	205752880.00
2018-01-02	11.56	11.72	11.55	11.67	31323053	398614976.00
2018-01-03	11.68	11.75	11.61	11.61	37839101	480954816.00
2018-01-04	11.65	11.68	11.57	11.61	27883804	353205824.00
2018-01-05	11.62	11.66	11.57	11.64	31026744	393058240.00
2018-01-08	11.64	11.66	11.58	11.63	31389887	397842208.00
2018-01-09	11.63	11.69	11.61	11.65	26215432	332848320.00
2018-01-10	11.65	12.04	11.63	11.97	90679990	1174201984.00
2018-01-11	11.90	11.99	11.82	11.89	37816412	489588896.00
2018-01-12	11.92	11.95	11.85	11.86	24203419	313215104.00
2018-01-15	11.83	12.03	11.80	11.97	61320680	796861120.00
2018-01-16	11.92	12.01	11.73	11.85	74892652	963701120.00
2018-01-17	11.86	12.37	11.84	12.05	127132813	1675235200.00
2018-01-18	12.09	12.20	12.00	12.19	111608076	1465159040.00
2018-01-19	12.28	12.56	12.13	12.19	171648871	2300220672.00
2018-01-22	11.88	12.10	11.66	11.72	272513801	3514775040.00
2018-01-23	11.70	11.87	11.63	11.85	217827457	2791828736.00
2018-01-24	11.92	12.95	11.84	12.52	379653629	5099364352.00
2018-01-25	12.49	12.71	12.31	12.60	176989631	2400208896.00
2018-01-26	12.60	12.67	12.31	12.36	218419685	2954019840.00
2018-01-29	12.43	12.48	12.27	12.41	153783104	2065139200.00
2018-01-30	12.40	12.44	12.04	12.06	107804018	1429924992.00
2018-01-31	12.00	12.14	11.93	12.12	117703264	1541960960.00
2018-02-01	12.09	12.28	11.89	12.25	173573331	2289044480.00
2018-02-02	12.14	12.14	11.96	12.09	71796780	941467200.00
2018-02-05	11.95	12.49	11.93	12.44	150149657	2006361728.00
2018-02-06	12.24	12.45	12.15	12.43	244358992	3270199296.00
2018-02-07	12.53	12.85	12.19	12.40	200770115	2720519680.00
2018-02-08	12.29	12.35	11.90	12.05	109426872	1438198784.00
2018-02-09	11.84	11.93	11.19	11.73	149257356	1877264384.00
2018-02-12	11.61	11.63	11.38	11.44	64799197	811027712.00
2018-02-13	11.50	11.63	11.45	11.46	54900214	690054144.00
2018-02-14	11.45	11.50	11.33	11.41	32597811	406060192.00
2018-02-22	11.55	11.63	11.48	11.58	42012285	529856480.00
2018-02-23	11.61	11.73	11.54	11.67	38736515	491768416.00
2018-02-26	11.72	11.79	11.56	11.68	48806055	620261056.00
2018-02-27	11.70	11.71	11.56	11.64	48561087	615622144.00
2018-02-28	11.56	11.61	11.39	11.41	39888938	499258848.00
2018-03-01	11.35	11.45	11.33	11.42	34491031	429574080.00
2018-03-02	11.35	11.41	11.31	11.36	23024132	285473120.00
2018-03-05	11.36	11.43	11.29	11.37	29343464	363849696.00
2018-03-06	11.43	11.46	11.33	11.44	27222668	339015168.00
2018-03-07	11.46	11.55	11.41	11.44	38817575	487036832.00
2018-03-08	11.50	11.50	11.35	11.42	22164132	276013920.00
2018-03-09	11.44	11.46	11.37	11.43	23558287	293550912.00
2018-03-12	11.48	11.49	11.41	11.45	25161821	314544064.00
2018-03-13	11.45	11.53	11.38	11.44	25145000	314545344.00
2018-03-14	11.40	11.40	11.33	11.34	22804603	282970080.00
2018-03-15	11.30	11.36	11.29	11.34	17287774	213972096.00
2018-03-16	11.31	11.35	11.25	11.25	26781399	330778432.00
2018-03-19	11.26	11.28	11.21	11.26	16896048	207819312.00
2018-03-20	11.23	11.34	11.20	11.27	20672283	254187840.00
2018-03-21	11.29	11.35	11.23	11.24	23878465	294872224.00
2018-03-22	11.30	11.30	11.20	11.20	22948484	281975040.00
2018-03-23	10.95	11.01	10.59	10.66	57106391	676679680.00
2018-03-26	10.66	10.70	10.45	10.56	36425054	422233472.00
2018-03-27	10.65	10.72	10.51	10.57	27332809	318586656.00
2018-03-28	10.48	10.70	10.47	10.52	22911282	266121472.00
2018-03-29	10.52	10.66	10.40	10.57	33108805	383064992.00
2018-03-30	10.58	10.64	10.56	10.60	23271965	270987712.00
2018-04-02	10.63	10.77	10.60	10.66	27719599	325667584.00
2018-04-03	10.61	10.62	10.49	10.51	18303514	211906880.00
2018-04-04	10.56	10.60	10.48	10.48	19637509	227689712.00
2018-04-09	10.48	10.54	10.44	10.45	16722481	192709504.00
2018-04-10	10.47	10.74	10.46	10.72	28748298	336076800.00
2018-04-11	10.74	10.97	10.70	10.86	31298519	372471264.00
2018-04-12	10.86	10.91	10.71	10.73	18824289	222769472.00
2018-04-13	10.78	10.84	10.64	10.64	14094853	166015520.00
2018-04-16	10.75	10.75	10.49	10.50	23720095	275070688.00
2018-04-17	10.51	10.65	10.50	10.50	25469983	296234016.00
2018-04-18	10.70	10.74	10.61	10.68	26295275	308485472.00
2018-04-19	10.75	10.84	10.71	10.75	16553270	195771184.00
2018-04-20	10.69	10.74	10.52	10.56	18377407	213965168.00
2018-04-23	10.51	10.70	10.48	10.55	18181610	211046464.00
2018-04-24	10.51	10.73	10.51	10.73	23032861	269871840.00
2018-04-25	10.66	10.72	10.60	10.61	16082634	188149248.00
2018-04-26	10.68	10.73	10.50	10.52	18205794	211987520.00
2018-04-27	10.53	10.62	10.50	10.56	23450783	272328544.00
2018-05-02	10.28	10.28	9.92	9.98	69325684	769050176.00
2018-05-03	9.94	9.96	9.78	9.87	34665572	378055360.00
2018-05-04	9.86	9.89	9.75	9.78	22253089	241749744.00
2018-05-07	9.77	9.84	9.71	9.79	27425378	297162784.00
2018-05-08	9.79	9.92	9.76	9.90	28796453	314537696.00
2018-05-09	9.90	9.95	9.84	9.88	18510621	202375456.00
2018-05-10	9.93	9.95	9.86	9.90	16030500	175546224.00
2018-05-11	9.95	9.96	9.89	9.90	22015135	241676128.00
2018-05-14	9.92	10.00	9.91	9.95	23763310	261553536.00
2018-05-15	9.98	10.00	9.83	9.94	23548459	258018704.00
2018-05-16	9.88	9.91	9.81	9.82	23580345	257351424.00
2018-05-17	9.81	9.86	9.76	9.78	18474690	200668976.00
2018-05-18	9.80	9.85	9.76	9.85	21717105	235717344.00
2018-05-21	9.93	9.93	9.85	9.89	23393724	255891648.00
2018-05-22	9.89	9.90	9.80	9.83	16014501	174138736.00
2018-05-23	9.83	9.84	9.74	9.75	21194469	229712304.00
2018-05-24	9.78	9.79	9.71	9.74	15229580	164430464.00
2018-05-25	9.78	9.78	9.63	9.66	19016226	204634784.00
2018-05-28	9.66	9.74	9.56	9.71	18370343	196979808.00
2018-05-29	9.65	9.69	9.56	9.59	16933980	180559168.00
2018-05-30	9.51	9.55	9.34	9.39	32230788	338274432.00
2018-05-31	9.41	9.64	9.41	9.50	45532670	480871712.00
2018-06-01	9.55	9.64	9.48	9.63	18365527	195167696.00
2018-06-04	9.71	9.78	9.65	9.70	16180325	174154208.00
2018-06-05	9.66	9.70	9.56	9.61	18692609	199025888.00
2018-06-06	9.59	9.59	9.48	9.50	14983603	158227440.00
2018-06-07	9.51	9.61	9.46	9.57	23355633	247771040.00
2018-06-08	9.50	9.52	9.32	9.37	27181997	283822912.00
2018-06-11	9.33	9.38	9.23	9.37	18004293	186272752.00
2018-06-12	9.36	9.36	9.25	9.30	16085667	166400384.00
2018-06-13	9.25	9.28	9.13	9.16	19961576	204624608.00
2018-06-14	9.11	9.21	9.11	9.17	17557528	179339344.00
2018-06-15	9.17	9.29	9.14	9.25	19914990	204800272.00
2018-06-19	9.18	9.19	8.76	8.87	42988471	432159776.00
2018-06-20	8.87	8.93	8.82	8.84	18915740	187504464.00
2018-06-21	8.83	8.93	8.70	8.78	23636961	234236768.00
2018-06-22	8.78	8.78	8.62	8.71	25040001	243586304.00
2018-06-25	8.72	8.77	8.50	8.51	24244380	234851664.00
2018-06-26	8.55	8.55	8.30	8.43	24424095	231698544.00
2018-06-27	8.36	8.48	8.31	8.32	24913770	234831872.00
2018-06-28	8.28	8.56	8.27	8.45	30741337	290768000.00
2018-06-29	8.51	8.55	8.40	8.51	19493546	185831808.00
2018-07-02	8.50	8.50	8.18	8.24	22669089	212743904.00
2018-07-03	8.24	8.33	8.15	8.30	24123551	224816752.00
2018-07-04	8.29	8.37	8.23	8.26	14464777	135000880.00
2018-07-05	8.21	8.30	8.17	8.21	16495438	152978656.00
2018-07-06	8.26	8.38	8.12	8.32	22594443	210564112.00
2018-07-09	8.32	8.58	8.32	8.55	22172565	212109328.00
2018-07-10	8.56	8.60	8.45	8.52	12402837	118668136.00
2018-07-11	8.32	8.39	8.27	8.33	15203933	142450912.00
2018-07-12	8.36	8.56	8.34	8.52	19704837	188206864.00
2018-07-13	8.62	8.63	8.51	8.54	15026339	142708352.00
2018-07-16	8.55	8.59	8.39	8.46	14414119	135697104.00
2018-07-17	8.46	8.53	8.43	8.49	13713495	129512088.00
2018-07-18	8.56	8.69	8.53	8.56	18922700	180858000.00
2018-07-19	8.65	8.67	8.58	8.61	18360482	175909136.00
2018-07-20	8.61	9.00	8.52	8.92	33275650	325018016.00
2018-07-23	8.96	9.08	8.79	9.01	31484434	311612064.00
2018-07-24	9.03	9.19	9.02	9.07	36424560	365678880.00
2018-07-25	9.17	9.17	9.01	9.07	15889970	159153072.00
2018-07-26	9.12	9.13	9.00	9.01	15206330	151927488.00
2018-07-27	9.01	9.09	8.98	9.04	12120067	121060816.00
2018-07-30	9.04	9.21	9.02	9.18	20096364	202566240.00
2018-07-31	9.17	9.25	9.05	9.22	18203008	184265056.00
2018-08-01	9.31	9.32	8.95	8.96	20741884	209512352.00
2018-08-02	8.96	9.08	8.71	8.84	24483871	240792864.00
2018-08-03	8.84	9.03	8.81	8.88	16997939	168026928.00
2018-08-06	9.02	9.08	8.92	8.96	17444492	173559264.00
2018-08-07	8.99	9.17	8.99	9.16	21784661	218926432.00
2018-08-08	9.20	9.20	9.06	9.10	13461992	135623296.00
2018-08-09	9.05	9.23	9.04	9.19	17689853	179007680.00
2018-08-10	9.19	9.19	9.07	9.12	13172633	132643600.00
2018-08-13	9.05	9.11	8.95	9.03	17927668	178552672.00
2018-08-14	9.03	9.12	9.00	9.11	15868585	158997520.00
2018-08-15	9.11	9.11	8.95	8.95	14787033	147639904.00
2018-08-16	8.92	9.17	8.89	9.11	24323652	243554064.00
2018-08-17	9.21	9.21	8.98	9.03	15090455	151684032.00
2018-08-20	9.22	9.22	9.06	9.20	26975300	272534560.00
2018-08-21	9.23	9.25	9.14	9.17	19786535	200852848.00
2018-08-22	9.17	9.19	9.05	9.14	11993541	120615688.00
2018-08-23	9.18	9.19	9.03	9.12	15537812	156583264.00
2018-08-24	9.11	9.48	9.07	9.35	32268837	330331264.00
2018-08-27	9.38	9.40	9.26	9.38	23266645	239467136.00
2018-08-28	9.35	9.43	9.30	9.35	14609685	150677776.00
2018-08-29	9.34	9.37	9.31	9.37	10362000	106687296.00
2018-08-30	9.35	9.46	9.22	9.22	18621890	191336864.00
2018-08-31	9.21	9.41	9.21	9.38	37311724	383679840.00
2018-09-03	9.32	9.35	9.22	9.29	14309539	146457280.00
2018-09-04	9.26	9.45	9.23	9.42	16353060	168632352.00
2018-09-05	9.36	9.42	9.17	9.17	22729232	232884784.00
2018-09-06	9.17	9.28	9.17	9.19	10546916	107317752.00
2018-09-07	9.20	9.30	9.17	9.24	8995716	91694440.00
2018-09-10	9.21	9.28	9.18	9.23	11822813	120376352.00
2018-09-11	9.27	9.32	9.03	9.07	19689042	199401392.00
2018-09-12	9.04	9.12	9.00	9.09	16506103	165231584.00
2018-09-13	9.22	9.35	9.16	9.34	29417198	300441536.00
2018-09-14	9.41	9.41	9.26	9.31	16450780	169083472.00
2018-09-17	9.31	9.33	9.15	9.20	10535343	107339080.00
2018-09-18	9.21	9.31	9.14	9.31	16684789	170045728.00
2018-09-19	9.33	9.34	9.25	9.29	18550643	190221696.00
2018-09-20	9.31	9.33	9.23	9.27	16307051	166658016.00
2018-09-21	9.29	9.54	9.20	9.54	37571431	388504224.00
2018-09-25	9.43	9.52	9.37	9.40	15879199	164580512.00
2018-09-26	9.44	9.61	9.39	9.46	31175799	326010688.00
2018-09-27	9.50	9.53	9.43	9.53	24182714	252306112.00
2018-09-28	9.54	9.80	9.49	9.67	37430602	396863680.00
2018-10-08	9.44	9.53	9.20	9.21	41957276	432913248.00
2018-10-09	9.13	9.29	9.12	9.20	23159026	234661840.00
2018-10-10	9.19	9.33	9.18	9.22	18124701	184735120.00
2018-10-11	9.05	9.10	8.76	8.85	39056785	386778848.00
2018-10-12	8.95	9.15	8.88	9.08	25145127	250805632.00
2018-10-15	9.10	9.21	9.02	9.08	13957844	140122864.00
2018-10-16	9.08	9.24	9.02	9.10	15308344	154272080.00
2018-10-17	9.23	9.36	9.19	9.34	26520895	271564096.00
2018-10-18	9.40	9.40	9.21	9.24	22403988	229432800.00
2018-10-19	9.30	9.48	9.12	9.43	40331386	414893376.00
2018-10-22	9.37	9.75	9.37	9.67	47003409	497527584.00
2018-10-23	9.69	9.75	9.50	9.50	38089035	403493088.00
2018-10-24	9.62	10.10	9.57	9.79	59165552	639391040.00
2018-10-25	9.65	9.94	9.59	9.89	36866593	393987424.00
2018-10-26	9.90	10.03	9.79	9.97	27519309	298733760.00
2018-10-29	10.13	10.17	9.76	9.84	35265959	385116480.00
2018-10-30	9.98	10.10	9.94	10.00	33086049	363018048.00
2018-10-31	10.04	10.08	9.92	10.03	21737114	237583040.00
2018-11-01	10.10	10.14	9.91	9.94	23505322	257781680.00
2018-11-02	10.15	10.30	9.99	10.23	47788920	530913664.00
2018-11-05	10.20	10.30	10.13	10.19	17012759	189481168.00
2018-11-06	10.18	10.20	10.05	10.08	18422477	203565760.00
2018-11-07	10.14	10.15	9.92	9.95	20843864	228836512.00
2018-11-08	10.10	10.15	9.95	10.11	19991683	220506112.00
2018-11-09	10.04	10.08	9.75	9.80	25570050	277004928.00
2018-11-12	9.82	10.00	9.80	9.85	27015827	292478240.00
2018-11-13	9.73	9.95	9.73	9.87	20708729	223541472.00
2018-11-14	9.92	9.92	9.73	9.75	17998183	193809664.00
2018-11-15	9.77	9.86	9.70	9.82	16580059	178144576.00
2018-11-16	9.82	9.90	9.76	9.81	21394417	230509600.00
2018-11-19	9.91	9.95	9.82	9.93	21384793	231999664.00
2018-11-20	9.92	9.94	9.70	9.74	21883780	234959216.00
2018-11-21	9.66	9.77	9.66	9.71	16027458	170915680.00
2018-11-22	9.78	9.78	9.62	9.69	14008305	148745104.00
2018-11-23	9.65	9.71	9.55	9.55	14715010	155566112.00
2018-11-26	9.71	9.71	9.48	9.55	14377396	151609376.00
2018-11-27	9.55	9.66	9.50	9.54	15084666	158853280.00
2018-11-28	9.61	9.67	9.55	9.63	18339621	193914896.00
2018-11-29	9.69	9.80	9.59	9.68	20685685	220670064.00
2018-11-30	9.70	9.80	9.67	9.76	28572651	305468672.00
2018-12-03	10.04	10.10	9.89	10.07	43049070	472438368.00
2018-12-04	10.05	10.13	10.02	10.13	20811293	229713744.00
2018-12-05	10.04	10.15	10.01	10.05	25491217	281189600.00
2018-12-06	9.87	9.98	9.87	9.95	23597997	256533152.00
2018-12-07	9.99	10.08	9.93	9.94	10580550	115760320.00
2018-12-10	9.82	9.95	9.82	9.88	15927563	172346144.00
2018-12-11	9.89	9.95	9.74	9.77	17234222	185675072.00
2018-12-12	9.94	9.94	9.75	9.78	12448791	134006592.00
2018-12-13	9.81	9.91	9.78	9.85	19792340	213866048.00
2018-12-14	9.79	9.85	9.64	9.67	24163831	257441056.00
2018-12-17	9.70	9.83	9.67	9.83	19746228	211971712.00
2018-12-18	9.73	9.87	9.59	9.62	19451677	207318272.00
2018-12-19	9.64	9.70	9.59	9.59	13603633	144342544.00
2018-12-20	9.58	9.64	9.16	9.30	30069914	309207200.00
2018-12-21	9.28	9.29	9.05	9.12	20885862	209975600.00
2018-12-24	9.03	9.09	8.91	8.96	22779882	225706448.00
2018-12-25	8.82	8.91	8.65	8.84	34810397	337985920.00
2018-12-26	8.86	8.93	8.69	8.72	20569202	200359184.00
2018-12-27	8.82	8.85	8.71	8.71	27347564	266280880.00
2018-12-28	8.77	9.00	8.76	8.85	27404028	269118592.00
2019-01-02	8.79	8.84	8.63	8.75	23762822	229625664.00
2019-01-03	8.75	8.87	8.71	8.86	18654262	181975984.00
2019-01-04	8.78	9.05	8.75	9.01	27172844	268964576.00
2019-01-07	9.14	9.14	8.97	9.03	23597376	235440192.00
2019-01-08	9.08	9.08	8.96	9.01	15104933	150501648.00
2019-01-09	9.11	9.21	9.03	9.04	23163720	233890288.00
2019-01-10	8.99	9.07	8.97	9.01	15923566	158718752.00
2019-01-11	9.08	9.20	9.01	9.10	19069069	191290096.00
2019-01-14	9.08	9.15	9.06	9.11	20352840	204659056.00
2019-01-15	9.15	9.20	9.10	9.16	15632125	158126144.00
2019-01-16	9.15	9.20	9.12	9.18	12988340	131354720.00
2019-01-17	9.22	9.33	9.12	9.22	22766048	232114672.00
2019-01-18	9.34	9.49	9.27	9.48	29087141	300979136.00
2019-01-21	9.41	9.51	9.35	9.40	18947789	196394080.00
2019-01-22	9.43	9.43	9.28	9.30	16250557	167165424.00
2019-01-23	9.34	9.39	9.30	9.32	16520327	170289904.00
2019-01-24	9.39	9.44	9.32	9.43	15006699	155265968.00
2019-01-25	9.50	9.61	9.43	9.55	19696587	206935392.00
2019-01-28	9.58	9.71	9.44	9.47	21769073	229185392.00
2019-01-29	9.44	9.68	9.43	9.63	23768004	250301616.00
2019-01-30	9.64	9.69	9.52	9.55	16054256	169387632.00
2019-01-31	9.64	9.78	9.56	9.78	25131034	267614896.00
2019-02-01	9.87	9.87	9.67	9.82	19119343	204604272.00
2019-02-11	9.67	9.78	9.67	9.75	20216568	215903072.00
2019-02-12	9.76	9.78	9.68	9.77	16769601	179099040.00
2019-02-13	9.79	9.98	9.73	9.91	30248695	325845952.00
2019-02-14	9.90	9.96	9.85	9.87	19815286	215023168.00
2019-02-15	9.83	9.90	9.71	9.71	17758789	190960432.00
2019-02-18	9.80	9.92	9.75	9.89	20102219	217621152.00
2019-02-19	9.90	10.01	9.83	9.85	25952745	281465120.00
2019-02-20	9.97	9.97	9.86	9.88	22286311	242111568.00
2019-02-21	9.88	9.98	9.80	9.84	25402390	275374208.00
2019-02-22	9.81	10.06	9.81	10.06	25907438	281913760.00
2019-02-25	10.08	11.00	10.08	10.97	93712264	1075040640.00
2019-02-26	10.96	11.20	10.65	10.70	83643265	990289728.00
2019-02-27	10.76	11.12	10.72	10.88	71201603	843023424.00
2019-02-28	10.88	10.97	10.73	10.79	39393414	464139456.00
2019-03-01	10.86	11.11	10.65	11.07	63254621	747753344.00
2019-03-04	11.17	11.43	11.00	11.07	85024777	1030561536.00
2019-03-05	11.06	11.09	10.92	11.03	54564202	652552192.00
2019-03-06	11.04	11.20	10.91	11.07	53693164	644243072.00
2019-03-07	11.08	11.09	10.92	10.93	52618824	628390848.00
2019-03-08	10.77	10.77	10.41	10.55	52670531	609490560.00
2019-03-11	10.49	10.64	10.41	10.52	39922020	457056512.00
2019-03-12	10.64	10.74	10.45	10.49	52211807	602940672.00
2019-03-13	10.46	10.61	10.35	10.49	41373014	472974752.00
2019-03-14	10.51	10.63	10.48	10.51	34337899	395468480.00
2019-03-15	10.52	10.65	10.48	10.48	33769320	388244480.00
2019-03-18	10.50	10.65	10.42	10.64	43879562	503915232.00
2019-03-19	10.68	10.72	10.56	10.60	27500231	318521472.00
2019-03-20	10.57	10.69	10.54	10.60	27325424	315587200.00
2019-03-21	10.61	10.64	10.49	10.51	35037035	403573248.00
2019-03-22	10.54	10.56	10.36	10.44	35436446	403972768.00
2019-03-25	10.33	10.34	10.06	10.08	57716577	642860096.00
2019-03-26	10.16	10.19	10.08	10.14	30795722	341425280.00
2019-03-27	10.16	10.29	10.09	10.13	42124489	469246336.00
2019-03-28	10.08	10.10	9.95	10.08	29296120	321585856.00
2019-03-29	10.03	10.35	10.03	10.33	60526266	678436544.00
2019-04-01	10.41	10.57	10.34	10.49	70637405	808657536.00
2019-04-02	10.55	10.57	10.46	10.49	46714710	534896800.00
2019-04-03	10.42	10.59	10.39	10.55	50271029	575799424.00
2019-04-04	10.60	10.76	10.59	10.76	75232527	876099520.00
2019-04-08	10.84	11.01	10.70	10.77	77870373	920513536.00
2019-04-09	10.77	10.80	10.54	10.59	56895992	660406208.00
2019-04-10	10.55	10.61	10.47	10.53	41027539	470666656.00
2019-04-11	10.52	10.64	10.40	10.52	50172794	575765376.00
2019-04-12	10.52	10.61	10.48	10.54	26273690	301752032.00
2019-04-15	10.72	10.82	10.51	10.52	70509167	823853440.00
2019-04-16	10.51	11.04	10.48	11.00	100665400	1188260096.00
2019-04-17	11.01	11.14	10.93	10.96	68157211	816127040.00
2019-04-18	10.96	11.10	10.89	10.96	43048980	513835264.00
2019-04-19	11.06	11.25	10.91	11.06	56013041	672739648.00
2019-04-22	11.07	11.12	10.73	10.76	53389418	631192384.00
2019-04-23	10.73	10.85	10.68	10.75	33847719	396659648.00
2019-04-24	10.81	10.82	10.56	10.67	38201108	444929312.00
2019-04-25	10.61	10.74	10.53	10.59	40876129	473973536.00
2019-04-26	10.48	10.61	10.33	10.37	42469581	485267264.00
2019-04-29	10.40	10.59	10.39	10.53	38586938	442046720.00
2019-04-30	10.75	11.14	10.75	11.02	123474738	1466714752.00
2019-05-06	10.80	10.91	10.59	10.85	124545414	1460217088.00
2019-05-07	10.87	10.99	10.65	10.85	85489922	1010271104.00
2019-05-08	10.69	10.83	10.54	10.56	58500103	677487360.00
2019-05-09	10.53	10.61	10.15	10.17	64128049	722119104.00
2019-05-10	10.28	10.47	10.11	10.37	48550722	548884288.00
2019-05-13	10.25	10.45	10.20	10.36	40284963	455643072.00
2019-05-14	10.23	10.49	10.22	10.26	41888998	473151520.00
2019-05-15	10.33	10.47	10.28	10.37	34404465	389533440.00
2019-05-16	10.33	10.41	10.27	10.35	34141755	385015232.00
2019-05-17	10.37	10.40	10.25	10.29	38399831	433108032.00
2019-05-20	10.33	10.49	10.30	10.39	34904438	396448384.00
2019-05-21	10.38	10.50	10.36	10.37	32975873	374972608.00
2019-05-22	10.37	10.39	10.17	10.21	40000391	447828800.00
2019-05-23	10.17	10.20	10.00	10.15	36312689	401709184.00
2019-05-24	10.22	10.27	10.05	10.16	24160265	269312448.00
2019-05-27	10.14	10.31	10.01	10.27	35087915	390018816.00
2019-05-28	10.24	10.35	10.07	10.34	72278135	809741248.00
2019-05-29	10.22	10.34	10.12	10.17	40860970	455620576.00
2019-05-30	10.23	10.23	10.08	10.16	26650033	295267456.00
2019-05-31	10.16	10.28	10.10	10.18	36976728	412819776.00
2019-06-03	10.22	10.34	10.18	10.33	30492063	342326272.00
2019-06-04	10.34	10.42	10.31	10.40	25077393	283826816.00
2019-06-05	10.48	10.57	10.40	10.46	31423641	359479712.00
2019-06-06	10.56	10.56	10.43	10.52	26427215	303162720.00
2019-06-10	10.62	10.75	10.58	10.66	43183779	502599168.00
2019-06-11	10.75	10.85	10.67	10.82	52266217	594464064.00
2019-06-12	10.82	11.10	10.80	11.00	50635228	584680896.00
2019-06-13	10.97	11.19	10.90	11.10	46966016	548219968.00
2019-06-14	11.14	11.27	11.11	11.19	47385174	558641856.00
2019-06-17	11.18	11.32	11.15	11.17	35220103	416594816.00
2019-06-18	11.22	11.30	11.12	11.22	28965124	341904864.00
2019-06-19	11.44	11.47	11.21	11.28	44927745	537339840.00
2019-06-20	11.35	11.72	11.25	11.60	71647496	869024512.00
2019-06-21	11.58	11.70	11.43	11.49	55381180	670759360.00
2019-06-24	11.49	11.53	11.36	11.43	34195336	411172384.00
2019-06-25	11.38	11.38	10.91	11.06	80359367	940465152.00
2019-06-26	10.96	11.13	10.95	11.06	36973199	431115040.00
2019-06-27	11.08	11.24	10.95	11.04	47997783	561472064.00
2019-06-28	11.07	11.08	10.94	11.08	29545173	343056320.00
2019-07-01	11.26	11.32	11.09	11.11	54887882	646405184.00
2019-07-02	11.12	11.14	10.97	11.01	51165729	595072192.00
2019-07-03	11.02	11.03	10.91	10.96	36567085	422580480.00
2019-07-04	11.01	11.07	10.97	11.02	30369201	352968320.00
2019-07-05	11.03	11.04	10.93	10.97	25753241	298158880.00
2019-07-08	10.96	10.97	10.71	10.76	34710676	395611392.00
2019-07-09	10.80	10.83	10.73	10.77	21885404	248524016.00
2019-07-10	10.83	10.83	10.71	10.75	23409890	265773696.00
2019-07-11	10.83	10.86	10.74	10.80	23285835	265672144.00
2019-07-12	10.79	11.02	10.79	10.92	34816996	400591776.00
2019-07-15	10.80	10.94	10.62	10.90	40305603	459022368.00
2019-07-16	10.90	10.97	10.84	10.95	21606007	248901952.00
2019-07-17	10.89	10.97	10.86	10.88	17480372	201420080.00
2019-07-18	10.93	10.93	10.85	10.89	18260034	209938960.00
2019-07-19	10.91	11.03	10.89	10.98	19619622	227078768.00
2019-07-22	10.94	11.03	10.87	10.88	25617875	295840608.00
2019-07-23	10.83	10.96	10.83	10.89	17927898	206511008.00
2019-07-24	10.94	11.08	10.93	10.99	24112288	279914880.00
2019-07-25	10.97	11.36	10.97	11.28	55900219	660037376.00
2019-07-26	11.23	11.34	11.21	11.27	30368988	360677440.00
2019-07-29	11.30	11.34	11.20	11.26	21465011	254289648.00
2019-07-30	11.24	11.40	11.24	11.26	33731002	401937920.00
2019-07-31	11.21	11.34	11.13	11.27	30650758	362607616.00
2019-08-01	11.16	11.25	11.03	11.05	32471702	380252160.00
2019-08-02	10.88	10.96	10.81	10.88	38976091	447723840.00
2019-08-05	10.82	10.86	10.63	10.64	42719073	483523872.00
2019-08-06	10.50	10.63	10.37	10.49	45203853	501885632.00
2019-08-07	10.54	10.56	10.45	10.47	31462085	349267424.00
2019-08-08	10.55	10.71	10.51	10.66	33258085	373205568.00
2019-08-09	10.71	10.81	10.66	10.77	40637993	461422048.00
2019-08-12	10.73	10.85	10.71	10.83	34989082	398523200.00
2019-08-13	10.80	10.80	10.69	10.73	18839979	213447648.00
2019-08-14	10.82	10.88	10.68	10.68	19874457	225555664.00
2019-08-15	10.56	10.72	10.52	10.69	19101192	214656224.00
2019-08-16	10.65	10.74	10.61	10.62	24823561	279706592.00
2019-08-19	10.62	10.78	10.48	10.78	38253341	430744320.00
2019-08-20	10.70	10.87	10.68	10.77	23758050	270728000.00
2019-08-21	10.75	10.84	10.74	10.81	14656537	167119488.00
2019-08-22	10.83	10.85	10.77	10.83	15866836	180907936.00
2019-08-23	10.79	10.99	10.78	10.99	33655377	387195392.00
2019-08-26	10.79	10.84	10.55	10.70	41845176	472500384.00
2019-08-27	10.77	10.97	10.70	10.70	66247458	756664128.00
2019-08-28	10.77	10.80	10.70	10.72	25525597	289685344.00
2019-08-29	10.70	10.75	10.58	10.63	28049594	315060608.00
2019-08-30	10.74	10.77	10.62	10.68	25424004	287099392.00
2019-09-02	10.70	10.82	10.64	10.74	27749879	315706912.00
2019-09-03	10.79	10.81	10.71	10.75	16286609	184932352.00
2019-09-04	10.80	10.90	10.76	10.89	30670961	350981216.00
2019-09-05	10.90	11.14	10.90	11.02	46828000	544694720.00
2019-09-06	11.08	11.10	10.98	11.09	34392057	400477408.00
2019-09-09	11.18	11.19	11.08	11.15	40059368	470186976.00
2019-09-10	11.19	11.26	11.09	11.25	37041097	437072480.00
2019-09-11	11.25	11.40	11.25	11.35	39063654	466909312.00
2019-09-12	11.48	11.49	11.32	11.40	26104824	313028160.00
2019-09-16	11.39	11.41	11.23	11.33	25489116	303225632.00
2019-09-17	11.36	11.41	11.17	11.21	33558932	399569120.00
2019-09-18	11.34	11.40	11.27	11.33	31387271	375059072.00
2019-09-19	11.40	11.40	11.28	11.34	23742171	283084512.00
2019-09-20	11.39	11.39	11.25	11.35	40109279	478010560.00
2019-09-23	11.30	11.32	11.08	11.15	27710795	325475296.00
2019-09-24	11.21	11.26	11.13	11.15	21870962	257910160.00
2019-09-25	11.15	11.35	11.09	11.21	30136356	356897088.00
2019-09-26	11.28	11.58	11.24	11.37	72726461	876687808.00
2019-09-27	11.35	11.39	11.16	11.30	36807878	437372192.00
2019-09-30	11.25	11.47	11.21	11.24	35947577	430109088.00
2019-10-08	11.20	11.43	11.20	11.30	32415886	386027552.00
2019-10-09	11.22	11.53	11.20	11.39	42209602	506474304.00
2019-10-10	11.42	11.44	11.31	11.36	27261229	326023328.00
2019-10-11	11.45	11.85	11.40	11.85	92030800	1131441664.00
2019-10-14	11.99	12.62	11.92	12.34	123970103	1596408960.00
2019-10-15	12.35	12.54	12.26	12.49	73394591	952804800.00
2019-10-16	12.48	12.73	12.30	12.48	67002223	876220992.00
2019-10-17	12.47	12.65	12.43	12.57	47869313	628571136.00
2019-10-18	12.64	12.69	12.12	12.18	64992896	840281792.00
2019-10-21	12.20	12.43	12.15	12.31	38996287	502880224.00
2019-10-22	12.43	12.45	12.17	12.33	31396257	404182688.00
2019-10-23	12.29	12.35	12.17	12.26	32821414	422141024.00
2019-10-24	12.38	12.64	12.35	12.49	103158806	1347032704.00
2019-10-25	12.49	12.49	12.18	12.30	97876357	1260246528.00
2019-10-28	12.15	12.28	12.05	12.10	72380466	919894912.00
2019-10-29	12.14	12.25	12.02	12.17	52604090	669546624.00
2019-10-30	12.15	12.19	11.92	11.99	53734730	678152768.00
2019-10-31	12.08	12.10	11.90	11.91	33347533	419183008.00
2019-11-01	11.90	12.23	11.84	12.15	62705733	793656960.00
2019-11-04	12.15	12.29	12.09	12.14	49737996	634816384.00
2019-11-05	12.14	12.59	12.09	12.35	74274389	962257408.00
2019-11-06	12.35	12.50	12.26	12.32	46023920	597016896.00
2019-11-07	12.35	12.35	12.11	12.16	46267281	592408768.00
2019-11-08	12.20	12.21	11.96	11.97	48841866	617218176.00
2019-11-11	11.88	11.88	11.69	11.69	38594267	477989504.00
2019-11-12	11.71	11.76	11.57	11.64	39239395	480742752.00
2019-11-13	11.61	11.69	11.55	11.63	32274979	394505184.00
2019-11-14	11.63	11.67	11.50	11.54	28943647	351795392.00
2019-11-15	11.62	11.66	11.52	11.55	27324299	332797312.00
2019-11-18	11.57	11.75	11.53	11.64	28796529	352880160.00
2019-11-19	11.60	11.71	11.58	11.63	29370803	359115488.00
2019-11-20	11.57	11.62	11.41	11.44	38092059	460234688.00
2019-11-21	11.40	11.44	11.31	11.36	34617175	414077536.00
2019-11-22	11.41	11.46	11.34	11.39	29531099	354250528.00
2019-11-25	11.43	11.54	11.40	11.47	25153256	303962336.00
2019-11-26	11.55	11.57	11.38	11.46	59633264	719075392.00
2019-11-27	11.47	11.47	11.30	11.39	28703956	343598880.00
2019-11-28	11.40	11.41	11.32	11.36	17797225	212826176.00
2019-11-29	11.33	11.47	11.29	11.31	24566935	293541792.00
2019-12-02	11.36	11.37	11.22	11.27	22163020	263131792.00
2019-12-03	11.21	11.30	11.17	11.26	19557865	231361392.00
2019-12-04	11.18	11.23	11.10	11.15	24734662	290465760.00
2019-12-05	11.19	11.29	11.16	11.29	24976130	295963968.00
2019-12-06	11.32	11.35	11.23	11.32	20654438	245635920.00
2019-12-09	11.30	11.33	11.25	11.30	17349258	206211632.00
2019-12-10	11.28	11.31	11.26	11.26	15324640	181988688.00
2019-12-11	11.28	11.39	11.25	11.38	33409045	398582368.00
2019-12-12	11.39	11.39	11.28	11.30	27021203	321917920.00
2019-12-13	11.38	11.52	11.34	11.52	59520554	716034816.00
2019-12-16	11.52	11.55	11.40	11.53	37971632	458170272.00
2019-12-17	11.57	11.91	11.50	11.79	57435605	707895680.00
2019-12-18	11.76	11.90	11.74	11.80	34565268	428827232.00
2019-12-19	11.80	11.90	11.78	11.81	23789907	295686656.00
2019-12-20	11.81	11.95	11.78	11.82	40150148	500592352.00
2019-12-23	11.86	11.86	11.57	11.60	37033891	455979040.00
2019-12-24	11.61	11.69	11.60	11.68	21671029	265496464.00
2019-12-25	11.69	11.69	11.60	11.64	13678175	167407904.00
2019-12-26	11.66	11.72	11.63	11.69	15739054	193083040.00
2019-12-27	11.65	11.83	11.65	11.72	27932109	344832512.00
2019-12-30	11.67	11.76	11.52	11.74	41051555	503090496.00
2019-12-31	11.72	11.78	11.61	11.77	31953628	392736224.00
2020-01-02	11.87	12.04	11.85	11.87	51629079	647446144.00
2020-01-03	11.97	12.03	11.87	12.00	38018810	477053344.00
2020-01-06	11.92	12.05	11.82	11.86	41001193	514432544.00
2020-01-07	11.91	12.00	11.86	11.90	28421482	355811744.00
2020-01-08	11.81	11.85	11.65	11.72	35240536	434980256.00
2020-01-09	11.79	11.83	11.75	11.77	26151448	324168064.00
2020-01-10	11.77	11.82	11.71	11.79	18321252	226580304.00
2020-01-13	11.80	11.81	11.71	11.81	20715566	255982384.00
2020-01-14	11.80	12.09	11.79	11.83	29994561	374971648.00
2020-01-15	11.81	11.85	11.65	11.65	31897217	392531136.00
2020-01-16	11.68	11.71	11.56	11.60	22454876	274130144.00
2020-01-17	11.62	11.69	11.56	11.63	17593111	215028080.00
2020-01-20	11.66	11.67	11.59	11.65	23734609	290296128.00
2020-01-21	11.60	11.65	11.44	11.48	31787474	384580832.00
2020-01-22	11.10	11.24	11.05	11.17	78133556	917203456.00
2020-01-23	11.15	11.15	10.72	10.75	76534796	879151040.00
2020-02-03	9.62	10.09	9.62	9.87	95367382	997686080.00
2020-02-04	9.91	10.14	9.88	10.06	66783767	710434816.00
2020-02-05	10.09	10.18	9.98	10.10	45046658	481639072.00
2020-02-06	10.21	10.26	10.05	10.19	38023801	408101888.00
2020-02-07	10.13	10.31	10.07	10.26	31896956	342581632.00
2020-02-10	10.16	10.24	10.11	10.17	34032121	366391168.00
2020-02-11	10.22	10.35	10.18	10.26	34856302	378583360.00
2020-02-12	10.24	10.28	10.16	10.26	26313927	284693728.00
2020-02-13	10.22	10.28	10.16	10.16	22630613	244794976.00
2020-02-14	10.16	10.28	10.14	10.26	22360549	242102416.00
2020-02-17	10.28	10.61	10.26	10.58	41343320	457641216.00
2020-02-18	10.49	10.58	10.44	10.46	30162703	334474240.00
2020-02-19	10.48	10.64	10.44	10.51	25100157	279375296.00
2020-02-20	10.57	10.67	10.46	10.63	36656416	408938112.00
2020-02-21	10.63	10.79	10.61	10.70	38949418	439706976.00
2020-02-24	10.63	10.74	10.50	10.56	44738622	501186016.00
2020-02-25	10.47	10.55	10.41	10.49	48324564	535241824.00
2020-02-26	10.41	10.73	10.41	10.60	51906287	581437760.00
2020-02-27	10.60	10.70	10.53	10.61	33029824	370549696.00
2020-02-28	10.51	10.58	10.25	10.25	50137988	550529600.00
2020-03-02	10.35	10.50	10.32	10.44	39245056	432698816.00
2020-03-03	10.53	10.63	10.44	10.46	39332460	437422560.00
2020-03-04	10.41	10.50	10.35	10.43	34628358	381014624.00
2020-03-05	10.48	10.72	10.43	10.72	73047882	819311488.00
2020-03-06	10.63	10.68	10.51	10.52	41587820	464404000.00
2020-03-09	10.40	10.40	10.15	10.18	59495242	644379968.00
2020-03-10	10.11	10.36	10.10	10.27	44761737	485896704.00
2020-03-11	10.33	10.33	10.17	10.17	31688826	343734176.00
2020-03-12	10.15	10.15	10.01	10.04	32632350	348157984.00
2020-03-13	9.80	10.13	9.68	10.10	57457109	603756288.00
2020-03-16	10.10	10.18	9.90	9.91	47649924	507308320.00
2020-03-17	10.08	10.09	9.69	9.83	42139008	440636608.00
2020-03-18	9.80	9.90	9.60	9.61	33176646	343553120.00
2020-03-19	9.59	9.74	9.26	9.34	55707113	558047040.00
2020-03-20	9.52	9.58	9.36	9.49	42609358	428744768.00
2020-03-23	9.35	9.35	9.22	9.24	28286030	279043936.00
2020-03-24	9.43	9.53	9.38	9.46	28990754	291586368.00
2020-03-25	9.60	9.67	9.52	9.55	32172278	327768576.00
2020-03-26	9.50	9.77	9.48	9.63	30921803	315960384.00
2020-03-27	9.75	9.78	9.60	9.64	27107951	278718752.00
2020-03-30	9.58	9.68	9.51	9.68	26046018	265782016.00
2020-03-31	9.70	9.76	9.53	9.55	26144854	267681232.00
2020-04-01	9.51	9.66	9.49	9.49	22479192	228559552.00
2020-04-02	9.49	9.60	9.47	9.60	17042135	172675328.00
2020-04-03	9.53	9.61	9.52	9.55	14842382	150706816.00
2020-04-07	9.70	9.73	9.63	9.68	23825611	244911008.00
2020-04-08	9.65	9.69	9.58	9.64	17952255	183606912.00
2020-04-09	9.66	9.69	9.58	9.60	13569586	138881040.00
2020-04-10	9.62	9.64	9.55	9.61	16625528	169625920.00
2020-04-13	9.55	9.62	9.50	9.51	11966986	121315472.00
2020-04-14	9.57	9.65	9.52	9.65	17792926	181192032.00
2020-04-15	9.60	9.67	9.55	9.58	14945608	152284656.00
2020-04-16	9.50	9.58	9.50	9.56	14403197	145969856.00
2020-04-17	9.58	9.63	9.55	9.60	22744411	231788992.00
2020-04-20	9.55	9.59	9.49	9.51	23503715	237574336.00
2020-04-21	9.47	9.52	9.41	9.43	17557525	176508080.00
2020-04-22	9.42	9.47	9.38	9.47	15802441	158372528.00
2020-04-23	9.50	9.50	9.41	9.46	16878643	169579072.00
2020-04-24	9.46	9.49	9.41	9.46	16973113	170599168.00
2020-04-27	9.55	9.82	9.55	9.74	50342806	520244000.00
2020-04-28	9.76	9.78	9.62	9.73	29222578	301584640.00
2020-04-29	9.75	10.01	9.73	10.01	35056836	367739392.00
2020-04-30	9.98	10.19	9.96	10.03	30906971	330157504.00
2020-05-06	9.84	9.89	9.76	9.86	41378362	431336736.00
2020-05-07	9.85	9.86	9.77	9.79	26211656	272516384.00
2020-05-08	9.84	9.89	9.80	9.84	20927670	218698512.00
2020-05-11	9.84	9.94	9.82	9.83	21472495	224819920.00
2020-05-12	9.84	9.88	9.74	9.74	19405945	201474592.00
2020-05-13	9.71	9.79	9.68	9.78	15574310	160783648.00
2020-05-14	9.72	9.76	9.67	9.70	15892376	163558192.00
2020-05-15	9.76	9.78	9.66	9.68	13753770	141846608.00
2020-05-18	9.68	9.83	9.65	9.72	15675941	162140720.00
2020-05-19	9.85	9.85	9.74	9.75	12576997	130445256.00
2020-05-20	9.77	9.82	9.73	9.81	20046300	208195248.00
2020-05-21	9.84	9.84	9.73	9.73	14361684	149140640.00
2020-05-22	9.70	9.74	9.54	9.54	23722915	243204608.00
2020-05-25	9.70	9.71	9.53	9.67	15722012	160438352.00
2020-05-26	9.72	9.72	9.65	9.67	14372249	147713424.00
2020-05-27	9.68	9.78	9.65	9.75	20145712	208419136.00
2020-05-28	9.76	9.95	9.76	9.93	38263189	401358592.00
2020-05-29	9.85	9.97	9.85	9.97	30659227	322828576.00
2020-06-01	10.03	10.12	9.97	10.05	28612841	304346432.00
2020-06-02	9.98	10.14	9.98	10.08	25922545	276609952.00
2020-06-03	10.15	10.27	10.10	10.10	27352188	294472992.00
2020-06-04	10.20	10.20	10.04	10.04	17559033	187688384.00
2020-06-05	10.08	10.09	9.96	10.07	20958291	222668160.00
2020-06-08	10.04	10.12	10.00	10.01	18251152	194265344.00
2020-06-09	10.02	10.12	9.98	10.08	17263160	184089104.00
2020-06-10	10.11	10.11	9.98	9.98	16693480	177440928.00
2020-06-11	9.98	10.01	9.85	9.88	25171455	264822304.00
2020-06-12	9.98	9.98	9.83	9.95	25514482	267574336.00
2020-06-15	9.81	9.89	9.75	9.75	25497883	265574304.00
2020-06-16	9.84	9.90	9.80	9.85	17682742	184966304.00
2020-06-17	9.84	9.91	9.83	9.87	16148594	169024384.00
2020-06-18	9.82	9.97	9.79	9.90	20856551	218713600.00
2020-06-19	9.96	10.08	9.90	10.01	39814479	422462432.00
2020-06-22	9.97	10.06	9.93	9.95	24611903	260728896.00
2020-06-23	9.91	9.97	9.87	9.88	19602212	206109216.00
2020-06-24	9.94	10.01	9.90	10.00	22873884	241489168.00
2020-06-29	10.03	10.13	9.89	9.97	27875619	295223648.00
2020-06-30	9.99	10.04	9.94	9.98	22886764	242601904.00
2020-07-01	9.99	10.16	9.95	10.14	36690710	390832224.00
2020-07-02	10.13	10.45	10.10	10.45	60951268	663308352.00
2020-07-03	10.48	10.66	10.42	10.59	82238477	916157952.00
2020-07-06	10.70	11.71	10.69	11.60	149558001	1776417920.00
2020-07-07	11.85	12.09	11.50	11.51	131469759	1621839616.00
2020-07-08	11.57	11.84	11.43	11.54	104879230	1282339840.00
2020-07-09	11.66	11.66	11.34	11.39	91311738	1101713280.00
2020-07-10	11.38	11.49	10.95	11.00	78611864	925839424.00
2020-07-13	11.00	11.25	10.96	11.06	96564333	1128297600.00
2020-07-14	11.01	11.09	10.73	10.78	79944260	919482240.00
2020-07-15	10.87	10.87	10.54	10.58	92438310	1042128832.00
2020-07-16	10.65	10.88	10.60	10.60	96614162	1094089984.00
2020-07-17	10.77	10.79	10.57	10.67	68639480	771657344.00
2020-07-20	10.72	10.97	10.67	10.92	78766518	901216640.00
2020-07-21	10.99	11.01	10.80	10.94	55004587	632576768.00
2020-07-22	10.95	11.15	10.90	11.02	98687637	1147395840.00
2020-07-23	10.99	10.99	10.61	10.84	86806896	937319744.00
2020-07-24	10.78	10.80	10.40	10.42	72886391	769923520.00
2020-07-27	10.55	10.55	10.32	10.37	44655910	465608576.00
2020-07-28	10.46	10.54	10.35	10.39	32599274	339999712.00
2020-07-29	10.35	10.54	10.32	10.51	45256602	474093216.00
2020-07-30	10.51	10.53	10.40	10.40	40443481	422561056.00
2020-07-31	10.41	10.52	10.31	10.36	65368427	679850112.00
2020-08-03	10.40	10.48	10.37	10.41	56272005	586201728.00
2020-08-04	10.46	10.72	10.43	10.66	88522454	937235136.00
2020-08-05	10.64	10.64	10.45	10.51	46011280	483338976.00
2020-08-06	10.57	10.63	10.41	10.53	42484232	445698848.00
2020-08-07	10.51	10.53	10.36	10.43	44271966	461730432.00
2020-08-10	10.42	10.57	10.39	10.52	48973967	514604352.00
2020-08-11	10.58	10.68	10.45	10.47	63673224	676102336.00
2020-08-12	10.49	10.60	10.46	10.56	43268629	455458272.00
2020-08-13	10.60	10.61	10.50	10.51	25798477	271625408.00
2020-08-14	10.53	10.60	10.48	10.59	37584530	396506208.00
2020-08-17	10.59	10.98	10.57	10.84	98742699	1066482944.00
2020-08-18	10.85	10.85	10.63	10.69	54091961	580056192.00
2020-08-19	10.69	10.74	10.57	10.58	43448106	462151808.00
2020-08-20	10.56	10.57	10.43	10.47	53539028	559975488.00
2020-08-21	10.56	10.56	10.45	10.50	31451520	329790592.00
2020-08-24	10.57	10.57	10.44	10.46	38982822	408922464.00
2020-08-25	10.48	10.51	10.41	10.45	37897250	396122400.00
2020-08-26	10.44	10.45	10.35	10.37	39278732	408174304.00
2020-08-27	10.38	10.40	10.32	10.35	30462492	315213312.00
2020-08-28	10.35	10.46	10.31	10.46	53131203	552429120.00
2020-08-31	10.46	10.51	10.32	10.36	80037356	835524352.00
2020-09-01	10.31	10.36	10.26	10.29	53931233	555922112.00
2020-09-02	10.28	10.29	10.12	10.18	56787081	578763456.00
2020-09-03	10.19	10.23	10.11	10.12	40832020	414701600.00
2020-09-04	10.07	10.15	10.01	10.07	38443982	387141408.00
2020-09-07	10.07	10.16	10.01	10.01	58564585	589509248.00
2020-09-08	10.07	10.09	10.01	10.05	52972540	532346432.00
2020-09-09	10.01	10.08	10.00	10.01	49418500	496009216.00
2020-09-10	10.06	10.06	9.94	9.96	54169916	540727360.00
2020-09-11	9.95	9.96	9.85	9.92	49947642	494619680.00
2020-09-14	9.95	9.95	9.86	9.90	38851230	384257696.00
2020-09-15	9.91	9.92	9.85	9.86	46601549	459933664.00
2020-09-16	9.87	9.90	9.80	9.86	51470657	507227136.00
2020-09-17	9.87	9.89	9.80	9.83	43171675	424496704.00
2020-09-18	9.84	9.94	9.80	9.94	95230581	941630528.00
2020-09-21	9.94	9.97	9.83	9.84	55998716	553037632.00
2020-09-22	9.81	9.84	9.69	9.70	65952098	643194176.00
2020-09-23	9.71	9.72	9.62	9.63	41909587	404393344.00
2020-09-24	9.61	9.62	9.46	9.50	53858739	512493248.00
2020-09-25	9.50	9.53	9.46	9.47	29487505	279750432.00
2020-09-28	9.49	9.53	9.46	9.46	26257827	249063488.00
2020-09-29	9.50	9.52	9.43	9.43	32988266	312583584.00
2020-09-30	9.45	9.49	9.35	9.39	39006807	367745376.00
2020-10-09	9.44	9.48	9.40	9.42	39772687	375559360.00
2020-10-12	9.45	9.63	9.42	9.59	66671637	637356672.00
2020-10-13	9.58	9.59	9.52	9.54	28059097	267595712.00
2020-10-14	9.54	9.56	9.50	9.53	42969217	409511680.00
2020-10-15	9.54	9.72	9.53	9.62	66146732	637856640.00
2020-10-16	9.61	9.77	9.60	9.72	74850236	726361088.00
2020-10-19	9.73	9.93	9.64	9.65	84532385	826077888.00
2020-10-20	9.63	9.65	9.51	9.58	46687029	446894592.00
2020-10-21	9.58	9.70	9.51	9.70	61622129	592503552.00
2020-10-22	9.67	9.76	9.59	9.65	47288884	456765632.00
2020-10-23	9.63	9.79	9.62	9.70	70954476	689493440.00
2020-10-26	9.72	9.75	9.59	9.60	52711443	508770624.00
2020-10-27	9.59	9.59	9.48	9.48	38062780	362632672.00
2020-10-28	9.48	9.52	9.38	9.40	45881367	432093184.00
2020-10-29	9.35	9.45	9.34	9.37	43707348	409990848.00
2020-10-30	9.38	9.45	9.25	9.26	56060864	523487872.00
2020-11-02	9.28	9.33	9.22	9.25	46542251	431202848.00
2020-11-03	9.31	9.40	9.28	9.30	67876111	632973888.00
2020-11-04	9.35	9.40	9.28	9.34	50256088	469008800.00
2020-11-05	9.46	9.46	9.33	9.36	55873229	523812736.00
2020-11-06	9.37	9.43	9.33	9.39	63919592	600129344.00
2020-11-09	9.42	9.48	9.39	9.43	88937655	839142848.00
2020-11-10	9.47	9.59	9.44	9.46	84217864	800256192.00
2020-11-11	9.49	9.58	9.44	9.56	64171805	610306560.00
2020-11-12	9.52	9.53	9.43	9.43	51891050	491018816.00
2020-11-13	9.41	9.41	9.33	9.36	44910112	420337408.00
2020-11-16	9.38	9.46	9.37	9.45	31878052	300508256.00
2020-11-17	9.46	9.53	9.44	9.53	47293970	448873504.00
2020-11-18	9.53	9.77	9.50	9.70	109417513	1059930880.00
2020-11-19	9.70	9.78	9.64	9.74	63840056	620569664.00
2020-11-20	9.68	9.72	9.61	9.67	46631360	450166496.00
2020-11-23	9.66	9.92	9.63	9.90	92618240	909448896.00
2020-11-24	9.92	9.97	9.82	9.85	61221709	605831680.00
2020-11-25	9.90	9.99	9.81	9.81	61216111	606063488.00
2020-11-26	9.84	9.99	9.76	9.98	71595543	709188736.00
2020-11-27	10.01	10.20	9.96	10.20	113388037	1141650176.00
2020-11-30	10.30	10.53	10.06	10.06	203498922	2102112640.00
2020-12-01	10.08	10.35	10.01	10.30	107812159	1099269632.00
2020-12-02	10.26	10.39	10.19	10.25	78702779	808812288.00
2020-12-03	10.23	10.28	10.16	10.24	57195735	584153280.00
2020-12-04	10.24	10.25	10.05	10.17	47336450	479183328.00
2020-12-07	10.11	10.17	9.90	9.99	57810545	577584128.00
2020-12-08	9.97	10.06	9.93	9.98	31522398	315079840.00
2020-12-09	9.98	10.09	9.91	9.91	44090061	440752928.00
2020-12-10	9.91	9.96	9.76	9.82	39400878	388252096.00
2020-12-11	9.84	9.88	9.69	9.70	48386569	471620096.00
2020-12-14	9.75	9.80	9.68	9.75	38743836	376928032.00
2020-12-15	9.73	9.74	9.60	9.71	39323070	379468288.00
2020-12-16	9.72	9.78	9.64	9.65	47998904	465187104.00
2020-12-17	9.64	9.79	9.59	9.77	42901555	415257088.00
2020-12-18	9.74	9.79	9.69	9.76	31884462	310411744.00
2020-12-21	9.70	9.77	9.65	9.75	31965504	310813664.00
2020-12-22	9.75	9.75	9.55	9.61	50418001	485974240.00
2020-12-23	9.60	9.64	9.48	9.55	38656338	368816672.00
2020-12-24	9.55	9.66	9.51	9.55	24871912	238279376.00
2020-12-25	9.56	9.61	9.51	9.58	22420976	214427360.00
2020-12-28	9.55	9.63	9.50	9.57	33765935	322826368.00
2020-12-29	9.59	9.62	9.52	9.53	44150648	421945440.00
2020-12-30	9.52	9.54	9.44	9.50	54885564	519975328.00
2020-12-31	9.51	9.69	9.49	9.68	65992362	635666176.00
2021-01-04	9.64	9.73	9.55	9.69	62906939	606364928.00
2021-01-05	9.68	9.68	9.52	9.68	53859177	517135744.00
2021-01-06	9.62	9.83	9.62	9.82	61881321	604071104.00
2021-01-07	9.83	9.93	9.66	9.81	57090442	557051904.00
2021-01-08	9.83	9.90	9.73	9.83	55801455	547035200.00
2021-01-11	9.83	9.94	9.68	9.69	75984056	745359168.00
2021-01-12	9.70	9.79	9.58	9.78	56732878	548277760.00
2021-01-13	9.75	9.88	9.72	9.84	57145173	560579200.00
2021-01-14	9.83	9.96	9.76	9.87	55338565	545908480.00
2021-01-15	9.98	10.23	9.92	9.92	143067603	1440726016.00
2021-01-18	9.92	10.12	9.87	10.08	96389498	962800704.00
2021-01-19	10.07	10.22	9.98	10.16	82816180	837479680.00
2021-01-20	10.13	10.18	9.96	9.98	66608913	669394432.00
2021-01-21	9.99	10.07	9.93	9.97	53622907	536180000.00
2021-01-22	9.96	9.97	9.76	9.79	61879785	607707968.00
2021-01-25	9.77	9.78	9.67	9.72	51705648	501372352.00
2021-01-26	9.69	9.78	9.66	9.68	39877611	386930912.00
2021-01-27	9.67	9.88	9.66	9.73	55174457	539658304.00
2021-01-28	9.73	9.74	9.61	9.66	52360924	506059200.00
2021-01-29	9.69	10.13	9.65	9.96	115257482	1142597632.00
2021-02-01	9.94	10.48	9.90	10.44	181883788	1867281024.00
2021-02-02	10.35	10.47	10.15	10.22	131403970	1349638656.00
2021-02-03	10.19	10.43	10.06	10.26	131150745	1346692096.00
2021-02-04	10.21	10.41	10.12	10.28	92016450	944124544.00
2021-02-05	10.28	10.82	10.25	10.72	195506162	2078645760.00
2021-02-08	10.71	10.81	10.51	10.72	137089506	1467791360.00
2021-02-09	10.70	10.74	10.54	10.68	99871998	1061301504.00
2021-02-10	10.67	10.85	10.56	10.69	105092241	1123961344.00
2021-02-18	10.80	11.02	10.74	10.83	143397923	1558504832.00
2021-02-19	10.83	11.12	10.77	10.97	122926300	1351290368.00
2021-02-22	10.92	10.95	10.70	10.71	127379414	1373533440.00
2021-02-23	10.71	10.99	10.71	10.78	93327786	1010901312.00
2021-02-24	10.81	10.89	10.55	10.60	97783999	1047470272.00
2021-02-25	10.66	10.85	10.60	10.80	89855495	964732736.00
2021-02-26	10.72	10.82	10.54	10.54	85386093	909298112.00
2021-03-01	10.59	10.64	10.50	10.58	54746126	578491520.00
2021-03-02	10.61	10.70	10.36	10.47	74763149	786616704.00
2021-03-03	10.45	10.92	10.43	10.92	113570860	1224387968.00
2021-03-04	10.80	10.92	10.76	10.88	75412865	817817152.00
2021-03-05	10.87	10.94	10.69	10.86	72154782	778561728.00
2021-03-08	10.98	11.02	10.71	10.75	80153097	869553728.00
2021-03-09	10.78	10.90	10.65	10.73	83584061	900880576.00
2021-03-10	10.76	10.79	10.63	10.72	50512161	542100928.00
2021-03-11	10.80	10.97	10.76	10.90	76816962	836848960.00
2021-03-12	10.89	11.03	10.82	10.90	79235629	866141120.00
2021-03-15	10.88	11.24	10.88	11.12	113524449	1259911424.00
2021-03-16	11.05	11.24	11.01	11.11	65502259	728108288.00
2021-03-17	11.10	11.12	10.89	10.92	57821851	634262144.00
2021-03-18	10.97	11.05	10.90	11.03	50943550	559643200.00
2021-03-19	11.01	11.05	10.56	10.65	103359887	1110156544.00
2021-03-22	10.62	10.88	10.62	10.75	66031003	710176256.00
2021-03-23	10.76	10.83	10.68	10.78	47127710	506263424.00
2021-03-24	10.77	10.81	10.63	10.68	44132642	472480384.00
2021-03-25	10.72	10.78	10.61	10.63	43547662	465464544.00
2021-03-26	10.68	10.73	10.61	10.62	40882734	435739840.00
2021-03-29	10.60	10.60	10.40	10.48	92366772	964797248.00
2021-03-30	10.65	11.01	10.62	11.01	173447215	1882440576.00
2021-03-31	11.01	11.04	10.87	10.99	66813691	731611968.00
2021-04-01	10.99	11.01	10.81	10.89	47781207	519576384.00
2021-04-02	10.94	10.95	10.67	10.76	65365057	704137152.00
2021-04-06	10.76	10.79	10.68	10.70	33911224	363567296.00
2021-04-07	10.74	10.75	10.58	10.65	60988540	648631680.00
2021-04-08	10.63	10.70	10.56	10.66	42047850	447410752.00
2021-04-09	10.64	10.64	10.53	10.59	38683022	409118560.00
2021-04-12	10.58	10.75	10.52	10.73	57023744	608748224.00
2021-04-13	10.74	10.82	10.67	10.76	52756234	566984768.00
2021-04-14	10.82	10.82	10.57	10.59	45686754	486204160.00
2021-04-15	10.58	10.61	10.38	10.43	53172372	555086912.00
2021-04-16	10.45	10.55	10.42	10.54	32895624	345237984.00
2021-04-19	10.55	10.64	10.45	10.58	50203914	529864992.00
2021-04-20	10.55	10.58	10.48	10.50	29450563	309777280.00
2021-04-21	10.47	10.62	10.46	10.58	45439718	480039008.00
2021-04-22	10.60	10.60	10.40	10.43	41793378	437919104.00
2021-04-23	10.42	10.47	10.38	10.43	24825285	259051568.00
2021-04-26	10.45	10.50	10.28	10.30	46387212	482566272.00
2021-04-27	10.33	10.34	10.24	10.27	25042540	257631072.00
2021-04-28	10.33	10.33	10.18	10.25	35321183	361207968.00
2021-04-29	10.28	10.55	10.26	10.54	48194627	503908352.00
2021-04-30	10.28	10.28	9.96	10.05	156103445	1570141056.00
2021-05-06	9.97	10.18	9.97	10.10	61139167	616780672.00
2021-05-07	10.10	10.15	9.99	10.03	72345288	728759616.00
2021-05-10	10.06	10.06	9.88	9.95	61516454	610992512.00
2021-05-11	9.92	10.07	9.90	10.05	42333780	423538336.00
2021-05-12	10.04	10.20	10.02	10.12	52012085	526835936.00
2021-05-13	10.09	10.17	10.01	10.09	47212565	475665504.00
2021-05-14	10.10	10.20	10.03	10.19	47681403	483068512.00
2021-05-17	10.20	10.29	10.13	10.21	46363314	473603680.00
2021-05-18	10.18	10.23	10.15	10.22	19093505	194624784.00
2021-05-19	10.19	10.20	10.07	10.12	29273907	296073792.00
2021-05-20	10.10	10.18	10.02	10.16	35395264	357783840.00
2021-05-21	10.20	10.22	10.07	10.09	28618932	289959904.00
2021-05-24	10.08	10.14	10.05	10.09	23518901	237130464.00
2021-05-25	10.10	10.33	10.06	10.32	75417564	771994304.00
2021-05-26	10.31	10.42	10.28	10.35	54984815	568991552.00
2021-05-27	10.32	10.43	10.26	10.29	52063330	536862496.00
2021-05-28	10.33	10.36	10.25	10.35	34593293	356339744.00
2021-05-31	10.34	10.34	10.22	10.27	37255726	381740416.00
2021-06-01	10.23	10.26	10.18	10.19	41880384	427253280.00
2021-06-02	10.21	10.23	10.13	10.22	35830478	364476000.00
2021-06-03	10.21	10.32	10.18	10.23	52244908	535599648.00
2021-06-04	10.25	10.38	10.19	10.23	71052432	729772608.00
2021-06-07	10.26	10.27	10.20	10.23	36301400	371369088.00
2021-06-08	10.24	10.33	10.18	10.31	50838116	522323168.00
2021-06-09	10.29	10.35	10.21	10.21	56095091	575008512.00
2021-06-10	10.21	10.31	10.20	10.23	45685432	467893696.00
2021-06-11	10.24	10.28	10.11	10.17	58030251	591098496.00
2021-06-15	10.15	10.15	10.01	10.03	46955773	472150816.00
2021-06-16	10.04	10.14	10.01	10.05	32171081	324482528.00
2021-06-17	10.05	10.12	10.03	10.04	29689848	298576640.00
2021-06-18	10.04	10.10	10.00	10.10	44451210	446813184.00
数据来源:通达信
